0.0
1.0
1.0
1.0
0.0
1.0
0.0
0.0
1.0
1.0
0.266626
1.0
1.0
0.0
1.0
0.0
0.0
0.0
0.0
0.0
1.0
0.0
1.0
0.0
1.0
1.0
0.0
1.0
0.0
0.0
0.0
0.0
0.0
1.0
0.875529
1.0
0.0
0.0
1.0
1.0
0.0
0.0
0.0
1.0
1.0
1.0
1.0
1.0
0.0
0.0
1.0
1.0
0.899802
1.0
0.984695
0.0
1.0
0.0
1.0
1.0
0.0
1.0
0.0
0.0
1.0
0.0
0.557527
1.0
1.0
0.0
0.0
0.0
0.0
1.0
0.0
0.0
1.0
0.0
0.0
1.0
0.0
0.0
0.524401
0.0
1.0
0.0
0.0
0.0
0.0
0.0
0.0
1.0
1.0
0.0
0.0
0.0
0.0
0.0
0.0
0.0
0.960122
0.0
1.0
0.0
0.0
0.0
1.0
0.0
0.0
0.0
1.0
1.0
1.0
0.24424
1.0
0.0
0.961834
0.0
1.0
0.0
0.0
0.0
0.841503
0.823028
0.0
0.0
0.0
0.952743
0.0
1.0
0.0
0.0
0.0
1.0
0.0
0.0
0.0
0.0
0.399995
0.0
1.0
0.0
0.0
0.0
0.0
0.0
1.0
0.691248
0.0
0.0
1.0
0.352911
0.0
0.974058
0.0
0.972239
0.0
0.0
0.0
1.0
0.753642
0.0
0.0
1.0
1.0
0.0
1.0
0.0
1.0
0.844597
0.0
0.0
0.0
0.0
1.0
0.0
1.0
0.0
0.0
0.0
0.0
0.0
0.0
0.524018
0.0
0.0
0.0
0.0
0.0
0.0
1.0
0.0
0.0
0.0
0.0
0.0
0.0
0.0
0.0
1.0
1.0
0.0
0.0
0.948318
0.0
0.70578
0.0
0.0
0.0
0.0
0.0
0.0
0.0
0.0
1.0
0.0
0.0
1.0
0.0
1.0
0.722154
0.0
0.0
1.0
0.0
1.0
0.0
0.0
0.0
0.0
0.368868
0.0
0.0
0.0
0.0
1.0
1.0
0.0
1.0
0.0
0.0
0.0
0.0
1.0
0.0
0.0
0.0
0.0
0.456454
0.0
0.317342
0.626358
0.0
1.0
0.0
0.0
0.0
1.0
0.0
0.0
0.0
0.0
0.0
0.0
1.0
0.0
1.0
0.0
1.0
1.0
1.0
0.0
0.0
0.0
0.0
0.0
0.0
0.89087
0.0
0.0
1.0
0.0
1.0
0.0
1.0
1.0
1.0
0.0
0.0
0.0
0.0
0.730541
0.493809
0.0
0.0
1.0
0.0
0.0
0.443013
1.0
0.0
1.0
1.0
1.0
1.0
1.0
0.0
0.0
0.0
0.0
0.0
0.0
0.232823
1.0
1.0
0.0
1.0
0.973334
0.0
0.0
1.0
1.0
0.943083
0.0
0.585934
0.927473
0.0
0.0
0.0
0.0
1.0
0.0
0.0
0.0
1.0
1.0
0.0
0.0
0.0
0.0
0.800642
0.0
0.0
0.0
0.0
1.0
0.0
0.0
0.0
1.0
0.0
1.0
0.0
0.0
0.0
0.0
1.0
1.0
1.0
0.0
1.0
0.0
1.0
0.0
0.0
0.0
0.0
0.0
0.0
0.0
1.0
1.0
1.0
0.0
1.0
1.0
0.0
1.0
0.0
0.0
1.0
0.0
0.0
0.0
1.0
0.0
0.0
0.0
0.0
0.0
0.0
0.659802
0.0
1.0
0.0
0.0
0.0
0.0
0.0
1.0
1.0
0.0
1.0
0.0
1.0
0.0
0.0
0.0
1.0
0.0
0.0
0.0
0.0
1.0
0.0
0.0
0.0
0.78319
0.0
0.0
1.0
0.0
1.0
0.735259
0.0
1.0
1.0
0.0
0.0
0.0
0.0
0.0
1.0
0.0
1.0
0.560006
0.0
0.0
0.0
0.0
1.0
0.0
1.0
0.331774
1.0
1.0
0.0
0.763757
0.0
1.0
1.0
0.0
1.0
0.597156
1.0
0.0
0.0
0.697679
0.0
0.358221
0.0
1.0
0.0
0.0
0.766294
0.0
0.0
0.47901
0.0
0.0
0.0
1.0
0.0
0.0
1.0
0.0
0.0
1.0
1.0
1.0
0.0
1.0
0.0
0.0
0.963295
0.0
0.0
1.0
0.426843
0.0
0.0
1.0
0.0
1.0
0.0
0.0
0.0
0.0
0.0
0.0
1.0
0.0
0.0
0.0
0.0
0.0
0.0
0.0
0.0
0.0
0.0
1.0
0.0
1.0
1.0
0.0
1.0
0.0
1.0
0.0
1.0
0.0
0.0
0.0
1.0
1.0
0.0
1.0
0.0
0.718579
0.0
1.0
0.0
1.0
0.0
1.0
1.0
0.0
1.0
1.0
1.0
0.0
1.0
0.0
0.334776
0.980367
0.0
0.0
0.0
0.415573
0.0
1.0
1.0
0.0
1.0
0.879552
1.0
0.0
1.0
0.0
0.0
0.0
0.0
0.0
0.0
1.0
0.0
1.0
1.0
0.0
0.0
1.0
0.0
0.0
0.0
0.0
0.893401
0.0
1.0
1.0
0.0
0.0
0.0
0.0
1.0
0.0
0.0
0.0
1.0
1.0
0.989104
1.0
1.0
0.0
1.0
0.971611
0.0
1.0
0.0
0.0
0.0
1.0
0.0
0.0
0.0
0.0
1.0
0.0
0.0
1.0
1.0
0.641743
0.0
1.0
0.0
0.0
1.0
1.0
0.0
1.0
0.0
1.0
0.0
0.0
0.0
1.0
0.0
0.0
0.0
1.0
0.0
0.0
0.874355
1.0
0.0
0.0
0.940077
0.0
0.0
0.0
0.0
0.0
1.0
0.0
0.0
0.0
1.0
1.0
1.0
0.0
0.70797
1.0
0.0
0.0
0.0
1.0
1.0
0.0
0.0
1.0
0.0
0.0
0.0
1.0
0.996398
1.0
1.0
0.0
1.0
0.0
0.0
0.0
0.0
0.0
0.0
0.0
0.0
0.0
0.0
0.0
0.0
1.0
0.0
0.0
1.0
0.0
0.0
0.0
1.0
1.0
1.0
0.0
0.0
0.0
0.0
0.0
0.0
0.0
1.0
1.0
1.0
0.0
1.0
0.0
0.0
0.946444
0.0
1.0
0.0
0.0
1.0
1.0
0.0
0.0
0.0
0.0
0.0
1.0
1.0
0.0
0.0
1.0
1.0
0.0
1.0
0.0
0.0
0.0
1.0
1.0
0.0
0.0
1.0
1.0
0.536878
0.300775
0.0
1.0
0.0
0.0
0.0
0.0
0.70025
0.0
1.0
0.0
1.0
1.0
0.937207
0.0
0.0
0.0
0.0
1.0
0.0
1.0
1.0
0.0
1.0
1.0
0.0
0.0
0.0
0.0
0.0
1.0
0.0
0.0
1.0
1.0
0.0
0.0
1.0
0.0
0.0
0.0
0.0
0.786187
0.0
1.0
0.0
0.0
0.0
0.0
0.0
1.0
0.0
0.0
0.0
1.0
0.0
0.0
0.0
0.0
0.0
1.0
0.0
1.0
0.0
0.0
0.0
1.0
0.0
0.0
0.0
0.0
0.0
0.0
0.946862
0.0
0.0
1.0
1.0
0.0
0.0
0.314384
0.0
0.0
1.0
1.0
0.0
0.0
0.0
1.0
0.0
0.0
0.0
1.0
1.0
1.0
1.0
1.0
1.0
0.0
0.0
0.0
1.0
0.0
0.54389
1.0
0.0
1.0
0.0
0.0
0.0
0.0
0.0
0.0
0.0
0.0
0.0
0.0
0.0
0.0
0.0
1.0
1.0
1.0
1.0
0.203846
1.0
0.0
0.0
1.0
0.0
1.0
1.0
0.0
1.0
1.0
0.0
0.0
0.0
1.0
0.0
0.0
0.0
1.0
0.0
1.0
1.0
0.0
0.0
0.0
0.0
0.0
1.0
0.851788
0.0
0.892754
1.0
0.0
1.0
0.0
0.0
0.0
0.0
1.0
1.0
1.0
0.0
0.0
0.917291
0.0
0.0
1.0
1.0
1.0
0.0
0.0
1.0
1.0
0.0
0.0
0.0
1.0
0.0
0.0
0.0
0.0
1.0
0.0
0.0
0.0
0.0
1.0
0.0
0.0
1.0
1.0
0.0
0.0
1.0
1.0
0.0
0.0
0.562774
0.450939
0.0
0.0
0.0
0.0
1.0
0.0
0.45819
0.0
0.0
0.0
0.0
1.0
0.0
0.0
0.0
0.0
0.630868
1.0
1.0
1.0
0.0
0.0
1.0
0.0
1.0
1.0
1.0
0.0
1.0
1.0
0.0
0.0
0.303741
0.0
0.0
0.0
0.0
0.0
0.736156
1.0
1.0
0.0
0.0
0.465089
0.0
1.0
0.0
1.0
0.0
0.0
1.0
0.0
0.0
1.0
1.0
1.0
0.0
0.0
0.0
0.0
1.0
0.89109
0.0
0.0
0.0
0.0
1.0
1.0
0.0
1.0
1.0
0.586645
0.0
1.0
0.0
0.0
0.0
0.0
0.0
1.0
1.0
0.0
0.0
0.0
1.0
0.0
0.646708
0.0
0.0
1.0
0.0
0.0
0.0
0.0
0.0
0.944218
0.0
1.0
0.0
1.0
0.0
0.0
0.0
0.0
0.0
1.0
1.0
0.0
0.0
0.0
0.0
0.0
0.0
0.0
1.0
0.0
0.0
1.0
1.0
0.0
1.0
0.0
0.0
1.0
0.0
1.0
0.0
0.0
0.787287
0.0
0.0
0.89999
0.0
0.0
0.0
0.975842
1.0
1.0
0.0
0.0
0.874702
1.0
1.0
1.0
0.0
1.0
1.0
1.0
0.0
0.0
0.0
0.0
0.0
0.0
0.0
0.0
0.0
0.0
0.0
0.0
0.0
0.456654
0.0
0.0
0.0
0.897304
1.0
0.0
0.0
0.0
0.0
0.0
0.0
1.0
1.0
0.0
0.0
1.0
1.0
0.0
0.0
0.673745
1.0
0.0
0.499002
0.0
0.0
0.0
1.0
1.0
0.0
1.0
1.0
0.0
0.0
1.0
0.0
1.0
0.0
0.0
0.0
1.0
1.0
0.0
0.0
0.0
1.0
0.0
0.0
1.0
1.0
0.0
0.0
0.523996
0.851537
0.0
0.0
0.0
0.0
0.191332
1.0
1.0
1.0
0.0
0.0
0.0
0.0
1.0
0.0
0.0
1.0
1.0
1.0
0.0
0.0
0.0
0.0
1.0
1.0
0.0
1.0
0.973699
1.0
0.0
0.0
1.0
1.0
1.0
0.0
0.0
0.0
0.0
0.0
0.0
1.0
1.0
1.0
0.490323
1.0
0.910383
0.0
0.0
0.0
0.0
0.887692
0.0
0.719136
0.0
0.0
0.668529
0.0
0.0
1.0
0.0
1.0
0.0
0.0
0.905393
1.0
0.0
0.0
1.0
0.0
0.0
0.0
1.0
0.0
1.0
0.0
0.0
0.0
0.0
0.0
0.0
1.0
0.0
1.0
1.0
1.0
0.0
0.0
0.0
0.0
0.0
0.0
0.0
0.897672
1.0
0.0
0.0
0.0
0.0
0.0
0.0
0.0
0.0
1.0
0.0
0.0
0.95035
0.956941
0.0
0.485275
0.9301
0.0
0.0
1.0
0.959401
0.0
1.0
0.0
0.0
0.0
0.0
0.0
0.0
0.0
0.227625
0.0
0.0
0.0
0.0
0.0
0.0
0.0
0.0
1.0
0.0
0.0
0.0
0.0
0.0
0.0
1.0
0.0
1.0
1.0
0.0
0.0
0.0
0.0
0.804012
1.0
0.0
0.968751
0.0
1.0
0.0
1.0
0.0
1.0
0.31611
0.932194
1.0
0.541972
1.0
1.0
0.0
0.0
1.0
0.0
0.0
0.0
0.692504
0.706169
1.0
1.0
0.0
1.0
0.0
0.0
0.0
1.0
0.0
0.0
0.0
1.0
1.0
1.0
1.0
0.0
1.0
1.0
0.0
0.0
0.0
0.0
0.0
0.0
0.0
0.0
0.0
1.0
0.0
0.0
0.0
1.0
1.0
1.0
0.685328
1.0
1.0
0.737134
0.0
1.0
0.0
0.0
1.0
1.0
0.0
0.0
1.0
1.0
0.0
0.0
0.0
0.0
0.0
1.0
1.0
0.0
0.0
1.0
0.0
0.0
0.0
1.0
0.979964
0.0
1.0
0.0
0.0
0.0
0.0
1.0
1.0
0.0
0.0
0.0
0.0
1.0
0.0
0.0
0.0
1.0
0.0
0.0
0.0
0.0
0.0
1.0
0.0
1.0
1.0
0.0
0.0
0.603028
0.0
0.0
1.0
1.0
1.0
0.0
1.0
0.0
0.0
0.0
0.889569
0.0
0.0
0.0
1.0
0.0
0.0
0.0
0.0
1.0
1.0
0.0
0.0
1.0
0.0
0.0
0.0
0.0
0.0
0.0
0.0
1.0
0.0
1.0
0.0
0.0
0.0
1.0
0.618584
0.0
1.0
0.0
1.0
0.0
0.0
1.0
0.0
0.0
0.0
0.0
1.0
0.0
1.0
1.0
0.0
1.0
1.0
0.0
1.0
1.0
0.0
1.0
0.0
0.0
0.0
0.0
0.0
0.0
1.0
0.0
0.0
0.0
1.0
1.0
0.0
0.0
0.363169
0.0
0.0
0.0
0.0
1.0
1.0
0.0
0.0
1.0
0.0
0.0
0.0
1.0
0.0
0.0
1.0
1.0
0.230568
0.0
0.0
0.0
1.0
0.0
0.0
0.0
0.0
0.0
1.0
1.0
1.0
0.0
1.0
0.0
0.0
1.0
0.0
0.0
0.0
1.0
0.0
1.0
0.0
0.0
0.0
1.0
1.0
0.0
0.0
1.0
1.0
1.0
1.0
1.0
0.0
1.0
1.0
1.0
0.0
1.0
1.0
0.0
1.0
0.0
0.0
0.0
0.0
0.0
1.0
1.0
0.0
0.0
0.0
1.0
0.0
1.0
0.0
0.0
1.0
0.0
1.0
1.0
0.0
0.0
1.0
0.0
0.0
0.0
1.0
0.0
0.0
0.0
0.0
0.0
1.0
0.0
0.0
1.0
0.0
0.0
1.0
0.0
0.0
1.0
0.0
1.0
0.336497
0.0
1.0
1.0
1.0
1.0
0.0
1.0
0.859636
0.0
1.0
1.0
0.0
0.0
0.0
1.0
0.0
0.967465
1.0
0.0
0.0
0.0
0.0
1.0
0.0
1.0
1.0
1.0
0.0
0.0
1.0
1.0
0.0
0.0
0.0
1.0
0.0
0.0
0.0
1.0
0.0
0.0
1.0
1.0
0.0
1.0
1.0
1.0
0.0
0.0
0.0
1.0
0.0
1.0
1.0
0.0
0.0
0.675747
0.545324
0.0
0.0
0.0
0.0
0.863719
0.457835
0.0
0.0
0.0
0.0
0.0
1.0
0.850304
0.444219
0.0
0.0
0.0
1.0
0.0
0.0
0.0
0.0
1.0
0.0
0.870279
0.0
0.0
0.0
1.0
1.0
1.0
1.0
0.0
0.0
1.0
0.0
1.0
1.0
1.0
0.0
1.0
1.0
1.0
1.0
0.0
0.0
1.0
0.0
0.0
0.0
0.0
0.632017
1.0
0.0
0.0
0.0
1.0
1.0
0.468708
0.0
1.0
0.0
0.0
0.0
0.0
1.0
0.0
0.0
0.0
0.0
0.0
0.0
0.0
0.0
0.848604
1.0
0.0
0.744349
1.0
0.0
0.0
0.0
0.0
0.0
0.0
0.0
0.0
0.0
1.0
0.857034
0.728683
1.0
1.0
0.0
0.556426
0.0
0.936155
1.0
0.0
0.0
0.0
1.0
0.0
1.0
0.0
0.404377
0.0
0.0
1.0
0.0
0.700862
1.0
0.616718
0.0
0.0
0.836486
0.0
0.0
0.0
1.0
1.0
0.0
0.0
0.0
0.0
0.0
0.0
0.0
0.0
0.0
0.0
0.0
0.0
1.0
0.0
0.862968
0.0
0.0
0.0
0.0
0.0
1.0
0.0
0.0
0.0
0.0
1.0
0.0
0.0
0.0
0.0
0.0
1.0
0.901349
0.0
0.0
0.0
0.0
0.0
0.825696
1.0
0.0
0.0
1.0
0.0
0.0
0.0
1.0
1.0
0.0
0.0
0.0
0.0
0.0
1.0
1.0
1.0
0.668686
1.0
1.0
1.0
1.0
1.0
0.0
0.0
0.0
1.0
1.0
0.857275
0.0
0.0
0.0
1.0
1.0
1.0
1.0
0.0
0.0
0.0
1.0
1.0
0.0
0.0
0.0
0.420158
0.0
0.914422
0.0
0.0
1.0
0.0
0.0
0.0
0.0
1.0
0.0
0.351155
0.884589
0.0
1.0
1.0
0.0
1.0
0.0
1.0
0.0
1.0
0.0
0.0
0.0
0.857964
0.0
0.0
0.0
0.0
1.0
0.0
0.0
1.0
0.0
0.0
0.0
0.0
0.0
0.0
1.0
1.0
1.0
0.0
0.0
1.0
0.0
0.0
0.0
0.0
0.0
0.0
1.0
0.624254
0.0
0.0
0.0
1.0
1.0
1.0
0.0
1.0
0.0
0.63717
1.0
0.0
0.0
1.0
0.626249
0.0
1.0
0.0
0.0
0.0
0.0
1.0
0.0
0.0
0.0
0.0
0.0
0.0
1.0
1.0
0.0
1.0
0.0
0.0
0.0
0.0
0.0
1.0
0.885614
0.0
0.758065
1.0
0.0
0.0
0.939418
0.776281
0.0
0.0
1.0
0.0
0.0
1.0
0.0
1.0
0.0
0.0
1.0
0.0
1.0
0.0
0.0
1.0
1.0
0.669248
1.0
1.0
0.539586
0.0
0.809937
0.849033
1.0
0.0
1.0
0.0
1.0
0.0
0.0
1.0
0.0
0.0
1.0
0.0
0.0
0.0
0.749408
0.0
1.0
0.684932
1.0
0.0
1.0
0.0
0.0
1.0
0.0
1.0
1.0
0.0
0.0
1.0
0.0
1.0
0.0
1.0
0.0
0.0
0.0
0.999526
0.0
1.0
0.0
0.915282
0.0
1.0
0.0
1.0
1.0
1.0
0.637742
0.0
1.0
0.0
0.0
0.0
1.0
0.0
0.0
1.0
0.0
0.0
1.0
1.0
1.0
0.0
0.0
0.796393
1.0
1.0
1.0
0.0
0.474935
1.0
0.0
1.0
0.0
1.0
0.0
0.0
0.0
0.0
0.0
1.0
1.0
1.0
0.0
0.0
0.0
0.0
1.0
0.0
1.0
0.0
0.0
0.0
1.0
0.0
0.0
0.0
0.0
1.0
0.0
0.0
0.0
0.0
1.0
1.0
0.0
0.0
0.0
0.0
0.0
0.524566
0.0
1.0
0.914308
0.0
0.900696
0.312713
0.0
1.0
1.0
0.0
0.0
0.0
0.0
0.0
1.0
0.0
0.0
0.413824
1.0
0.0
0.0
0.0
1.0
0.0
0.0
0.0
0.0
0.0
0.0
0.0
1.0
0.0
1.0
0.0
0.0
0.0
1.0
0.0
0.0
1.0
0.0
0.0
0.948059
0.0
0.0
0.0
1.0
1.0
0.0
1.0
1.0
1.0
0.0
1.0
1.0
0.0
0.301051
0.0
0.0
0.0
0.0
0.0
0.0
0.0
1.0
0.0
0.0
1.0
0.0
0.0
0.845462
0.0
1.0
0.0
1.0
1.0
1.0
0.0
0.0
0.0
0.0
1.0
0.0
1.0
0.0
1.0
0.0
1.0
1.0
0.0
0.0
1.0
0.0
0.0
1.0
1.0
1.0
0.0
0.0
0.0
0.0
0.0
1.0
1.0
0.0
0.0
1.0
0.0
0.0
1.0
0.0
1.0
1.0
0.0
0.0
1.0
0.0
0.0
0.0
0.0
0.0
0.0
1.0
0.0
0.0
0.776531
1.0
1.0
0.0
0.0
0.0
0.0
0.30508
0.0
0.0
1.0
0.0
1.0
1.0
1.0
0.0
0.0
0.0
0.0
1.0
1.0
1.0
0.0
0.0
1.0
0.0
1.0
0.0
0.0
0.0
0.0
0.0
0.0
0.0
0.0
0.0
1.0
0.0
0.0
0.0
0.866167
1.0
0.0
0.481994
1.0
1.0
0.0
1.0
0.0
0.641773
0.0
0.0
0.0
0.0
1.0
0.0
1.0
1.0
1.0
0.0
0.0
0.0
0.0
0.0
0.0
1.0
0.0
0.887767
0.956885
0.0
0.0
0.0
0.857655
1.0
1.0
0.0
1.0
0.0
0.0
0.0
0.0
0.0
1.0
0.0
0.0
0.0
1.0
1.0
0.0
0.0
0.0
1.0
0.917918
0.0
0.0
0.922341
0.0
1.0
0.0
0.0
0.0
0.0
0.0
0.0
0.0
0.0
1.0
1.0
0.0
0.0
1.0
0.0
1.0
0.0
0.773274
0.0
1.0
1.0
0.0
1.0
1.0
0.0
0.0
0.0
0.0
0.0
0.0
1.0
1.0
0.0
0.0
0.569541
1.0
0.601456
1.0
1.0
0.0
1.0
0.0
1.0
0.0
0.0
0.0
0.0
1.0
0.719593
0.0
1.0
0.0
0.0
1.0
0.711395
0.0
0.0
0.0
1.0
0.0
0.0
0.0
1.0
0.0
1.0
0.0
0.0
1.0
0.0
0.858229
0.0
1.0
0.0
0.0
1.0
0.0
1.0
0.0
0.0
1.0
1.0
0.0
1.0
1.0
0.0
0.0
0.0
0.0
0.691135
0.0
0.0
0.0
0.0
0.0
1.0
0.696846
0.0
0.0
1.0
0.879668
1.0
0.0
0.0
1.0
0.0
0.0
0.0
0.0
0.0
1.0
0.0
0.0
0.0
0.0
0.0
0.0
0.0
1.0
1.0
0.0
0.0
1.0
0.635626
1.0
0.0
0.0
1.0
0.0
1.0
0.0
1.0
0.0
0.0
0.0
0.0
0.829846
0.0
1.0
1.0
0.0
0.0
0.0
0.0
0.0
1.0
0.0
1.0
0.0
1.0
0.0
0.0
1.0
0.0
0.0
1.0
0.0
0.0
0.0
1.0
0.0
0.0
0.0
1.0
0.0
0.0
1.0
0.0
0.0
0.986351
0.30279
1.0
0.0
0.0
1.0
0.0
0.0
0.0
0.416014
1.0
1.0
1.0
1.0
0.0
0.0
0.0
0.0
0.0
0.0
1.0
1.0
0.0
0.0
0.0
0.0
0.0
1.0
0.0
0.0
0.0
0.0
0.0
1.0
0.0
0.0
0.0
1.0
1.0
0.0
1.0
1.0
1.0
1.0
1.0
0.0
0.0
1.0
0.0
1.0
0.0
0.0
1.0
0.0
0.0
0.0
0.0
0.0
1.0
1.0
0.0
0.0
1.0
0.0
1.0
0.0
0.0
0.0
0.0
0.0
0.0
0.0
0.0
1.0
0.0
1.0
0.0
1.0
0.0
0.0
0.0
1.0
0.0
1.0
0.0
0.492813
0.0
0.0
1.0
0.0
0.0
0.0
0.0
0.0
1.0
1.0
0.0
1.0
1.0
0.0
0.0
0.0
0.0
0.0
0.0
0.0
0.0
0.0
0.0
0.0
1.0
0.0
0.0
0.0
0.0
1.0
0.0
0.0
1.0
1.0
0.0
0.0
0.0
0.0
0.0
0.0
0.0
0.837705
0.0
0.0
1.0
0.0
1.0
0.0
0.0
0.0
0.0
1.0
0.0
0.0
0.0
0.0
0.0
0.0
0.0
0.0
1.0
1.0
0.0
0.748025
0.0
0.0
1.0
0.0
0.0
0.0
1.0
0.0
0.0
0.0
0.0
0.0
0.0
1.0
0.0
0.0
1.0
1.0
0.0
0.0
0.0
1.0
0.0
0.0
0.0
0.649766
0.0
1.0
0.0
1.0
0.0
0.496609
0.786925
0.0
0.0
0.0
0.0
1.0
0.0
0.61249
0.0
1.0
1.0
1.0
0.0
0.0
0.0
0.0
0.0
0.0
0.0
0.746519
0.0
0.0
0.698726
0.0
1.0
0.0
1.0
0.0
0.0
0.0
1.0
0.0
1.0
1.0
0.0
0.0
0.0
0.0
1.0
1.0
1.0
1.0
0.0
0.0
1.0
0.0
0.0
1.0
0.0
0.538562
0.0
1.0
0.0
1.0
0.0
0.0
1.0
0.0
1.0
0.0
0.805478
0.0
0.0
1.0
0.0
0.0
0.657294
1.0
0.0
0.0
1.0
0.0
0.703909
1.0
0.0
1.0
0.0
0.0
1.0
0.0
1.0
0.0
0.0
0.0
0.0
0.0
1.0
0.0
0.0
1.0
1.0
0.0
1.0
0.0
0.0
0.0
0.0
0.0
0.725912
0.0
0.0
0.0
0.0
1.0
1.0
0.806487
0.0
0.0
1.0
0.0
0.0
0.0
0.0
0.0
0.0
0.0
0.0
1.0
0.0
1.0
1.0
1.0
1.0
1.0
0.0
1.0
1.0
0.0
1.0
0.0
0.323821
0.0
0.0
0.0
0.0
0.0
0.500648
1.0
0.0
0.0
0.0
0.0
0.0
0.0
0.0
1.0
0.0
0.0
1.0
0.0
0.0
1.0
0.0
0.0
0.0
0.0
1.0
0.0
0.0
0.0
1.0
0.0
1.0
1.0
0.0
1.0
0.0
0.535534
0.0
0.0
0.0
0.0
0.0
0.0
0.0
0.0
0.0
0.0
1.0
1.0
0.0
1.0
0.0
0.0
1.0
0.0
1.0
1.0
1.0
0.0
0.0
0.0
1.0
0.0
0.0
0.0
0.0
0.0
0.0
1.0
0.0
0.0
0.0
1.0
1.0
0.0
0.0
0.0
0.0
0.0
0.0
0.0
0.0
1.0
0.0
0.0
0.0
0.0
1.0
0.0
1.0
0.0
0.0
1.0
1.0
0.0
0.0
1.0
0.0
1.0
1.0
0.0
1.0
0.0
0.0
0.0
1.0
0.0
0.0
0.0
0.0
0.0
1.0
0.0
0.0
1.0
0.0
0.0
0.0
0.769683
0.635391
0.0
1.0
0.325457
0.0
0.0
0.0
0.0
1.0
1.0
0.0
0.0
0.0
0.0
1.0
0.0
0.0
0.0
1.0
0.0
1.0
1.0
0.0
1.0
1.0
0.0
0.0
1.0
1.0
0.0
0.0
1.0
0.0
1.0
0.0
0.0
0.0
1.0
0.0
0.0
1.0
1.0
0.0
1.0
1.0
0.0
1.0
1.0
0.0
0.0
1.0
0.0
1.0
0.0
0.0
1.0
1.0
1.0
1.0
0.0
0.0
0.0
0.0
0.790065
0.998067
0.0
0.0
0.0
0.0
0.0
0.0
1.0
0.0
0.0
0.0
0.0
1.0
1.0
0.0
0.0
0.0
0.0
0.0
0.0
0.0
1.0
0.0
0.0
1.0
0.0
0.0
0.0
0.0
0.0
0.944018
1.0
0.0
0.0
0.0
0.0
0.0
0.919628
0.0
0.292301
0.0
1.0
0.0
0.0
0.0
0.0
0.0
0.0
0.0
0.0
0.0
0.0
0.0
0.0
0.0
1.0
0.0
1.0
0.0
0.0
0.0
0.0
1.0
0.0
0.0
0.0
1.0
0.0
1.0
1.0
0.0
1.0
0.0
0.0
0.0
0.0
1.0
0.0
1.0
0.0
0.0
0.0
0.0
1.0
0.0
0.0
0.0
0.0
0.572285
1.0
0.0
0.0
0.220862
0.0
1.0
0.0
0.0
1.0
1.0
0.0
0.0
0.0
1.0
0.0
0.0
0.0
0.0
0.0
0.45451
1.0
0.0
0.0
1.0
0.569171
0.0
0.0
0.0
0.0
1.0
0.0
0.0
0.0
0.0
0.0
1.0
0.0
1.0
0.0
0.0
0.0
0.0
0.0
1.0
0.0
0.0
1.0
0.0
1.0
1.0
0.0
0.974334
0.0
1.0
0.0
0.0
0.0
0.0
0.0
0.0
0.61289
0.0
1.0
1.0
1.0
0.0
0.0
1.0
0.0
1.0
0.0
0.22787
1.0
0.0
1.0
0.0
0.0
0.0
0.0
0.0
0.0
0.589872
0.0
0.0
0.0
0.0
0.0
0.0
0.0
0.426084
0.0
0.0
1.0
0.0
1.0
1.0
0.0
0.0
0.0
0.0
1.0
0.0
0.0
1.0
0.0
0.0
0.0
0.0
1.0
1.0
0.0
1.0
0.0
1.0
1.0
1.0
0.0
0.0
0.0
1.0
1.0
1.0
0.0
0.0
1.0
0.0
1.0
0.0
0.0
0.0
1.0
0.0
1.0
0.0
0.0
0.0
1.0
0.0
1.0
0.0
0.0
0.0
1.0
0.0
0.0
0.0
0.0
0.0
1.0
0.0
0.0
0.0
0.0
0.832681
0.0
0.0
1.0
0.0
0.0
0.0
1.0
0.0
0.0
0.0
0.0
1.0
0.0
1.0
0.0
0.0
1.0
0.0
1.0
0.0
0.0
0.0
1.0
0.0
0.0
0.0
1.0
1.0
1.0
0.0
0.0
1.0
0.0
1.0
1.0
0.0
0.0
0.0
0.900338
1.0
0.370179
0.0
1.0
1.0
0.0
1.0
1.0
0.0
0.0
0.0
0.750842
1.0
0.0
0.0
0.0
0.0
0.0
1.0
0.0
0.0
0.0
0.0
0.0
1.0
0.0
0.0
1.0
0.0
1.0
1.0
0.0
0.0
0.0
1.0
0.704929
0.0
0.0
1.0
0.0
0.0
0.0
1.0
0.0
0.0
0.0
1.0
1.0
1.0
0.849067
0.0
0.0
0.0
0.0
1.0
0.87174
0.0
0.0
0.0
0.0
0.0
1.0
0.0
0.702118
0.599696
0.64492
0.0
0.0
1.0
1.0
0.0
0.0
1.0
0.0
0.0
1.0
1.0
0.0
1.0
1.0
0.356682
1.0
0.0
0.0
1.0
1.0
0.0
0.0
0.0
0.0
0.0
0.0
0.0
1.0
0.0
0.0
0.0
1.0
0.0
1.0
0.799842
0.0
1.0
0.0
1.0
0.0
1.0
0.0
0.0
0.0
0.0
1.0
0.0
0.784247
0.0
1.0
0.664073
0.0
1.0
0.0
1.0
0.0
0.0
0.0
0.0
1.0
0.0
0.0
1.0
1.0
1.0
1.0
0.0
0.0
1.0
0.0
0.0
0.0
0.0
0.0
0.0
0.0
0.0
0.0
0.0
1.0
0.0
1.0
1.0
0.0
0.0
1.0
0.0
1.0
0.0
0.0
0.0
0.0
1.0
1.0
1.0
0.0
0.0
1.0
1.0
0.0
0.0
0.0
0.0
0.0
0.0
0.0
0.886352
0.0
0.0
0.0
0.0
0.0
0.0
0.0
1.0
1.0
0.0
0.0
0.0
0.0
0.0
0.0
0.315993
0.0
0.0
0.0
0.0
1.0
1.0
0.0
1.0
1.0
0.0
1.0
1.0
0.0
0.0
0.0
0.0
0.0
1.0
0.0
0.0
1.0
1.0
0.0
1.0
1.0
0.575906
0.0
1.0
0.0
0.598477
1.0
0.726163
0.0
0.0
1.0
1.0
0.0
0.0
0.580099
1.0
1.0
0.636949
1.0
1.0
0.0
1.0
0.0
0.0
0.0
0.0
0.0
0.0
0.0
0.0
0.381903
0.0
0.0
0.0
0.0
0.918231
0.0
1.0
0.0
0.0
0.577783
1.0
0.0
1.0
0.0
1.0
0.0
0.0
0.641328
1.0
0.0
0.0
1.0
0.0
0.0
1.0
1.0
0.0
1.0
1.0
0.0
0.0
0.972773
0.0
0.0
1.0
0.29503
0.0
0.0
0.0
0.0
0.0
0.0
0.0
0.448942
1.0
0.0
0.0
0.0
0.0
0.0
1.0
0.0
1.0
0.0
1.0
1.0
1.0
0.0
0.0
0.0
0.0
0.0
0.0
0.0
0.574147
1.0
1.0
0.0
1.0
0.0
0.0
0.0
0.0
1.0
1.0
1.0
0.0
1.0
0.571518
0.0
0.0
1.0
0.0
0.0
1.0
0.0
1.0
0.0
0.0
0.0
1.0
0.0
0.0
0.0
0.0
0.662854
0.0
0.0
1.0
0.0
0.568382
0.0
1.0
0.0
1.0
0.0
1.0
1.0
1.0
0.0
1.0
0.296415
0.0
0.0
1.0
0.0
1.0
0.0
0.0
1.0
1.0
0.0
1.0
1.0
0.0
0.0
1.0
0.0
0.0
0.0
0.0
0.0
1.0
0.529793
0.0
0.0
1.0
0.0
1.0
0.0
1.0
0.0
0.0
0.0
0.0
0.0
0.397843
0.950278
1.0
0.0
0.0
0.0
1.0
0.0
0.0
1.0
1.0
0.0
0.0
0.0
0.897536
0.0
1.0
0.0
0.0
1.0
0.0
1.0
0.0
0.0
1.0
0.0
1.0
0.0
0.0
0.0
1.0
0.0
0.0
0.0
1.0
0.0
0.0
1.0
0.0
0.0
0.552604
0.0
0.0
0.0
0.0
0.0
0.0
0.997407
0.0
0.882413
0.0
0.0
1.0
0.0
0.0
0.0
0.0
0.0
1.0
0.0
0.0
0.0
0.0
0.0
0.0
0.0
0.608578
0.0
0.0
1.0
0.0
0.999998
0.0
0.0
0.0
1.0
0.0
0.0
0.0
0.0
0.0
0.327829
0.0
1.0
0.0
1.0
0.0
1.0
0.0
0.0
1.0
0.0
0.0
1.0
0.0
1.0
0.0
0.0
1.0
1.0
0.0
1.0
1.0
1.0
0.0
0.0
0.0
1.0
0.0
0.0
0.0
0.0
0.0
0.0
1.0
0.0
0.0
0.0
1.0
1.0
0.0
0.0
1.0
0.0
1.0
0.0
1.0
0.0
0.0
1.0
0.91463
0.0
0.869134
0.0
0.0
0.0
1.0
0.0
0.0
1.0
0.0
1.0
0.0
0.0
0.509242
0.0
0.0
1.0
0.0
0.0
0.0
0.373173
1.0
0.0
1.0
0.0
0.0
0.0
0.0
1.0
0.0
1.0
1.0
1.0
0.0
0.0
0.0
1.0
0.0
0.457246
0.0
1.0
0.0
0.0
0.0
0.0
0.0
0.0
1.0
0.0
0.0
0.0
0.0
0.0
0.0
1.0
0.0
0.0
0.0
0.0
0.0
0.0
0.0
0.0
0.0
0.0
0.0
0.0
1.0
1.0
0.0
1.0
1.0
0.456654
0.0
1.0
0.0
0.0
0.0
1.0
0.0
1.0
0.0
1.0
0.0
0.633374
0.346108
0.0
0.0
0.0
0.0
0.0
0.0
1.0
1.0
0.0
0.0
1.0
0.990842
1.0
0.0
0.0
0.0
0.0
0.0
0.0
0.0
0.698924
0.0
1.0
0.0
1.0
1.0
0.0
0.0
1.0
1.0
0.0
0.0
1.0
0.0
0.0
1.0
1.0
0.0
1.0
0.0
0.0
0.0
0.0
0.0
1.0
0.0
0.0
1.0
0.0
0.0
0.0
1.0
1.0
1.0
0.0
0.0
1.0
0.0
1.0
1.0
1.0
0.0
0.0
0.0
1.0
1.0
0.0
0.0
0.0
0.0
0.0
0.0
1.0
0.0
0.0
0.0
0.0
1.0
0.0
1.0
0.0
0.0
0.80341
0.0
0.0
0.0
0.0
1.0
0.0
0.0
0.0
1.0
0.0
0.0
0.0
1.0
0.0
1.0
0.0
0.0
0.0
0.0
0.0
0.0
0.0
1.0
0.0
0.0
0.0
0.0
0.0
0.748264
0.0
0.0
0.0
0.0
0.0
0.0
0.0
0.0
0.0
0.0
0.0
0.0
0.0
0.0
1.0
0.0
0.0
0.0
0.861606
0.0
1.0
1.0
0.44485
0.0
0.0
0.0
0.433424
0.0
1.0
0.0
0.0
1.0
0.867787
1.0
0.0
0.0
1.0
0.0
1.0
0.0
1.0
0.0
1.0
1.0
1.0
0.0
1.0
0.0
0.0
1.0
1.0
0.0
1.0
0.0
0.0
1.0
1.0
0.0
1.0
0.0
0.0
1.0
0.0
0.0
0.0
0.0
1.0
0.0
0.0
1.0
0.0
0.0
1.0
1.0
1.0
0.0
1.0
0.0
0.0
0.0
0.0
1.0
0.590627
0.0
1.0
1.0
0.0
0.0
0.0
0.0
1.0
0.0
1.0
0.0
0.0
0.0
1.0
1.0
1.0
1.0
0.0
1.0
1.0
0.909299
0.0
0.0
0.809181
1.0
0.0
1.0
0.0
1.0
0.0
0.0
0.0
0.0
0.0
0.756024
1.0
0.0
0.0
1.0
0.0
0.0
0.0
0.519769
0.0
0.0
0.0
1.0
0.0
0.0
1.0
0.562376
1.0
0.0
0.0
0.0
1.0
0.0
0.0
1.0
1.0
1.0
1.0
0.428575
1.0
1.0
1.0
0.0
0.0
0.0
1.0
1.0
0.0
0.0
0.0
1.0
1.0
0.0
0.0
0.0
1.0
0.0
1.0
0.0
1.0
1.0
1.0
1.0
1.0
0.0
1.0
1.0
1.0
0.0
0.0
0.0
0.0
0.0
1.0
0.0
0.0
0.0
1.0
0.0
1.0
0.960908
0.0
0.0
0.445433
0.0
0.0
0.0
0.928611
0.0
0.0
1.0
1.0
1.0
0.0
0.542134
1.0
1.0
0.757481
0.0
1.0
1.0
0.0
0.0
0.0
1.0
0.0
1.0
0.0
1.0
0.849491
0.377438
1.0
1.0
0.0
0.0
0.0
1.0
0.0
0.0
0.0
0.0
0.0
0.0
1.0
0.0
1.0
0.31174
0.0
0.0
0.0
1.0
0.0
0.0
0.0
0.0
0.0
0.0
0.0
1.0
0.0
1.0
0.0
1.0
1.0
0.0
0.0
0.0
0.0
0.0
0.661844
0.0
0.0
0.0
0.0
0.882413
0.575215
1.0
0.0
1.0
1.0
0.0
0.0
0.0
1.0
0.0
0.0
1.0
0.0
0.0
1.0
1.0
1.0
0.0
0.0
0.0
0.0
0.0
0.0
0.0
0.0
0.0
0.0
0.0
0.0
0.0
0.0
0.0
0.0
0.0
1.0
1.0
0.0
0.0
0.0
0.0
1.0
0.0
0.0
0.390254
0.683699
1.0
0.643613
0.0
0.0
0.67838
0.0
0.0
1.0
0.0
0.0
0.0
0.0
0.0
0.0
0.0
0.0
0.0
0.0
0.0
0.0
0.0
1.0
0.0
0.0
0.0
0.0
1.0
0.0
1.0
1.0
1.0
0.0
0.0
0.0
1.0
0.0
0.0
1.0
0.498626
0.0
0.0
0.0
0.0
0.0
0.355392
0.0
0.0
0.0
1.0
0.0
0.0
1.0
0.0
0.0
0.0
0.0
0.0
1.0
0.0
0.0
0.0
1.0
0.496441
0.0
0.0
0.0
0.0
0.0
0.624589
1.0
1.0
0.0
0.0
1.0
0.0
1.0
1.0
0.0
1.0
0.0
1.0
0.0
1.0
0.0
1.0
0.0
0.0
1.0
1.0
0.0
0.0
0.0
1.0
0.0
0.791691
0.0
1.0
1.0
0.0
0.0
0.0
0.825719
1.0
0.0
1.0
0.0
0.0
0.0
1.0
0.0
0.254039
1.0
1.0
1.0
0.0
0.0
0.0
0.0
0.788157
0.0
1.0
0.0
0.0
1.0
0.0
0.0
0.0
0.0
0.0
0.0
0.0
0.25237
1.0
1.0
1.0
1.0
0.0
0.0
0.0
0.0
0.0
1.0
1.0
0.0
0.0
1.0
0.0
1.0
0.0
1.0
0.0
1.0
0.0
0.0
1.0
0.0
0.0
0.0
0.0
0.605712
0.0
0.0
0.0
0.0
1.0
1.0
0.55513
0.894617
0.0
0.0
0.0
0.0
0.0
0.0
0.0
0.0
0.0
0.0
0.0
1.0
0.0
0.0
1.0
1.0
0.0
0.0
0.0
0.0
0.0
1.0
0.0
1.0
1.0
1.0
0.0
0.0
0.0
0.834318
0.0
0.0
0.0
1.0
0.0
1.0
0.0
0.774131
0.0
0.0
0.0
0.0
0.0
0.0
1.0
0.77877
0.0
1.0
0.0
1.0
0.0
0.0
1.0
0.783963
0.0
0.0
0.0
0.0
0.0
0.0
0.0
0.0
0.0
0.0
1.0
0.0
0.0
0.0
0.999062
1.0
0.0
0.0
0.0
1.0
0.0
1.0
0.0
1.0
0.0
0.0
0.0
0.0
0.0
0.0
1.0
1.0
0.0
0.0
1.0
1.0
0.0
0.0
0.0
0.0
1.0
0.0
0.686566
1.0
0.457914
0.520034
0.0
0.860816
1.0
0.0
0.699635
1.0
1.0
0.0
1.0
0.0
1.0
0.0
0.0
0.0
0.0
0.0
0.0
0.0
0.0
0.0
0.0
0.0
1.0
0.0
0.0
0.0
0.0
0.0
0.0
0.0
0.0
1.0
1.0
0.0
0.0
0.0
1.0
0.0
1.0
0.0
1.0
0.0
0.0
1.0
0.0
0.0
1.0
1.0
0.0
0.0
0.0
1.0
1.0
0.0
0.0
1.0
0.0
0.0
0.0
0.0
0.0
0.0
0.0
0.0
0.0
1.0
1.0
0.0
0.0
0.0
0.0
0.0
1.0
1.0
0.0
0.0
0.470064
0.0
0.0
1.0
1.0
0.0
0.0
0.0
0.0
1.0
0.0
0.0
0.0
0.0
0.0
1.0
0.0
1.0
0.0
0.0
0.409224
0.0
0.0
0.0
1.0
0.0
0.837376
0.0
0.0
1.0
1.0
0.0
1.0
0.0
0.0
1.0
1.0
0.0
0.0
0.0
0.0
0.0
0.0
0.0
1.0
0.0
0.0
0.0
0.0
0.0
1.0
0.0
1.0
1.0
0.0
0.0
1.0
1.0
1.0
0.0
0.0
0.0
0.0
1.0
1.0
0.0
1.0
0.0
1.0
0.0
1.0
0.0
0.0
0.0
0.0
0.0
0.0
1.0
0.0
0.0
0.0
0.846509
1.0
0.0
0.0
0.0
0.0
0.0
0.0
0.0
1.0
1.0
1.0
0.0
1.0
0.0
1.0
1.0
0.0
0.0
1.0
0.455242
0.563083
0.0
1.0
0.0
0.670212
0.941604
0.0
0.0
0.0
0.505324
0.0
0.0
0.0
0.0
0.0
0.0
0.0
0.0
0.0
0.0
1.0
0.0
0.0
0.0
0.0
0.0
0.0
0.0
1.0
0.0
0.0
1.0
0.0
0.0
1.0
0.702104
0.0
0.919048
0.0
0.563389
0.972773
0.0
1.0
0.0
0.0
0.0
1.0
0.0
0.0
1.0
0.0
0.0
0.0
0.0
1.0
0.0
0.0
0.0
1.0
0.0
0.0
0.0
1.0
0.0
1.0
1.0
0.0
0.0
1.0
0.0
0.0
0.0
0.0
1.0
1.0
0.0
1.0
1.0
0.0
0.0
1.0
0.0
1.0
0.0
0.0
1.0
0.0
0.0
0.674007
0.0
0.0
0.0
0.0
0.0
0.0
1.0
1.0
0.0
0.0
1.0
0.0
0.0
0.0
0.0
0.0
1.0
0.0
0.0
0.0
1.0
0.0
0.0
1.0
1.0
0.0
1.0
0.0
0.0
0.0
0.0
0.0
1.0
1.0
1.0
0.0
0.0
0.612188
0.0
1.0
0.638502
0.0
0.0
0.582403
0.0
1.0
0.0
0.895462
1.0
0.0
0.0
1.0
0.0
0.0
1.0
1.0
0.803044
0.0
0.0
0.0
0.0
1.0
0.0
0.0
0.0
0.0
1.0
1.0
1.0
0.0
0.0
0.0
0.0
0.0
1.0
1.0
0.0
0.0
0.0
0.824713
0.0
0.0
0.0
1.0
1.0
0.0
0.0
0.0
0.0
1.0
1.0
0.0
0.287465
0.966807
0.758099
1.0
0.228271
1.0
0.98161
0.0
0.0
0.0
0.0
0.0
0.0
0.0
0.0
0.0
0.0
0.0
0.383948
0.0
0.0
1.0
0.0
0.0
0.0
0.0
0.0
0.406665
0.0
0.0
0.0
0.649204
0.0
1.0
0.0
0.0
0.966756
0.0
0.0
0.0
0.0
0.0
0.0
0.0
1.0
0.0
0.0
1.0
0.0
0.0
1.0
0.0
0.0
0.0
0.0
0.0
0.0
0.0
0.0
0.0
0.0
0.0
0.0
0.0
0.0
1.0
0.0
1.0
0.0
0.0
0.352432
1.0
0.781135
0.0
0.0
0.0
0.0
0.0
1.0
1.0
1.0
0.0
0.0
1.0
0.0
0.0
0.0
0.0
1.0
0.0
0.0
0.0
0.0
0.0
1.0
0.0
1.0
0.0
0.0
0.0
0.0
1.0
0.0
0.0
1.0
0.0
1.0
0.0
0.0
1.0
0.0
0.0
1.0
0.0
0.0
0.0
0.0
1.0
0.629681
0.0
0.0
1.0
0.0
0.0
1.0
0.0
1.0
0.0
0.0
1.0
0.0
1.0
0.0
0.0
0.0
0.0
0.0
1.0
0.0
1.0
0.0
0.0
0.0
1.0
0.999702
1.0
1.0
0.0
1.0
1.0
0.0
1.0
1.0
0.0
0.0
0.0
0.0
1.0
1.0
0.0
0.0
0.0
0.0
1.0
1.0
1.0
1.0
0.769178
1.0
1.0
0.0
0.0
0.0
0.0
1.0
0.0
0.0
0.0
0.0
0.0
0.0
0.0
0.0
1.0
0.0
0.947137
1.0
0.0
0.0
0.0
0.0
1.0
1.0
0.0
1.0
0.0
0.0
0.0
1.0
0.0
0.747926
1.0
0.0
0.0
0.820886
0.0
0.0
0.0
0.0
1.0
0.0
0.0
0.93657
0.0
0.0
0.0
1.0
0.0
0.0
1.0
1.0
0.0
0.0
0.910109
0.0
0.0
0.0
1.0
1.0
0.791488
0.0
0.0
0.0
0.0
0.0
0.0
1.0
0.0
0.0
1.0
0.0
0.0
0.0
1.0
0.825993
1.0
1.0
0.0
0.0
0.0
1.0
0.0
0.991252
0.0
1.0
0.0
0.44632
0.0
0.0
0.0
0.48837
0.0
0.0
1.0
0.0
0.0
0.0
0.0
0.0
0.744115
0.0
0.0
0.0
1.0
0.363608
0.813623
0.0
0.0
0.0
0.0
0.0
1.0
0.0
0.0
0.0
0.0
0.0
0.0
0.204747
0.842532
0.0
0.0
1.0
0.0
0.0
0.0
0.0
1.0
0.0
1.0
0.0
1.0
1.0
1.0
0.0
0.0
1.0
1.0
1.0
0.0
1.0
0.0
1.0
1.0
0.734255
1.0
1.0
0.0
0.0
1.0
0.0
0.0
0.0
0.0
0.0
0.0
0.697226
0.0
1.0
0.0
0.0
0.0
0.0
1.0
0.0
1.0
0.0
1.0
0.0
0.0
1.0
0.0
0.271693
1.0
0.0
0.0
0.0
0.0
1.0
1.0
0.0
0.0
0.652883
0.0
0.519073
0.0
0.0
0.849067
0.0
0.0
0.0
0.0
0.0
0.0
0.24266
1.0
0.0
1.0
0.935703
0.0
0.0
0.0
0.0
1.0
0.0
0.0
0.974724
0.0
0.0
1.0
1.0
0.0
0.0
0.0
1.0
1.0
0.0
0.0
1.0
0.0
1.0
1.0
0.574584
0.0
0.0
0.0
0.0
0.0
0.0
1.0
0.0
0.524362
0.0
0.0
0.0
1.0
1.0
0.0
0.0
0.0
0.0
0.0
0.0
0.0
0.0
0.0
0.0
0.0
1.0
0.0
1.0
0.0
1.0
1.0
0.0
0.0
1.0
0.486887
1.0
0.0
1.0
1.0
0.0
0.0
0.0
0.0
0.962801
0.0
0.0
1.0
0.8702
0.0
1.0
0.0
0.0
1.0
1.0
1.0
0.0
1.0
0.0
0.0
0.0
0.0
0.0
1.0
1.0
1.0
0.0
1.0
1.0
0.0
0.0
0.0
0.671315
1.0
0.0
1.0
0.0
1.0
1.0
1.0
0.0
0.721412
1.0
1.0
1.0
0.0
1.0
0.0
1.0
0.88596
0.907779
0.0
0.0
0.0
1.0
0.0
1.0
1.0
1.0
0.0
1.0
0.0
0.0
0.0
0.0
0.0
0.0
0.0
1.0
1.0
1.0
1.0
0.0
0.0
0.0
0.0
0.0
0.0
1.0
0.0
0.0
0.0
0.445357
1.0
0.0
0.0
0.0
0.0
1.0
0.0
0.825224
0.0
1.0
1.0
0.0
0.0
0.0
0.326579
0.0
1.0
0.0
0.0
0.0
1.0
0.0
0.594271
1.0
0.0
0.982864
0.0
0.0
0.0
0.0
1.0
1.0
0.0
1.0
1.0
0.0
0.0
0.819243
0.0
1.0
0.0
1.0
0.0
0.0
0.0
0.0
0.0
0.0
0.0
1.0
0.0
0.0
1.0
1.0
0.0
0.0
0.0
0.0
1.0
1.0
0.0
1.0
0.880804
0.0
0.876445
0.0
1.0
0.0
1.0
1.0
1.0
0.0
0.0
0.0
0.0
1.0
1.0
0.0
0.0
1.0
0.0
0.650369
0.0
1.0
0.0
0.9692
0.0
0.0
0.0
1.0
0.942655
0.0
1.0
0.0
0.0
1.0
0.0
0.0
1.0
0.0
0.0
0.0
1.0
0.0
0.0
0.0
1.0
0.0
0.0
1.0
0.0
1.0
0.0
0.0
0.891758
0.0
0.0
1.0
0.0
0.0
0.585625
0.0
1.0
1.0
0.0
1.0
0.0
0.0
0.0
0.0
1.0
0.0
0.0
0.0
0.0
0.0
0.0
0.754292
1.0
0.441375
0.0
0.0
1.0
1.0
0.0
0.0
0.0
1.0
0.0
0.0
0.0
0.0
1.0
0.0
0.901773
1.0
1.0
1.0
0.0
0.832579
0.0
0.750819
0.0
0.0
0.0
0.0
1.0
0.644801
0.0
0.0
0.572451
1.0
0.0
0.0
1.0
0.0
0.0
0.0
0.0
1.0
1.0
0.0
0.0
0.0
0.0
1.0
0.452782
0.0
0.0
1.0
0.0
0.71466
0.0
0.0
1.0
0.0
0.0
1.0
0.0
0.0
1.0
1.0
0.0
0.0
0.0
0.0
0.0
1.0
1.0
0.0
0.0
0.0
0.0
0.0
1.0
0.0
1.0
1.0
1.0
0.0
0.0
1.0
0.514027
1.0
0.0
0.0
0.0
0.0
0.0
1.0
1.0
0.0
0.0
1.0
1.0
1.0
0.0
0.0
1.0
1.0
0.0
0.0
0.0
0.902513
0.669381
1.0
1.0
1.0
0.0
0.70646
0.0
0.0
1.0
0.0
0.0
0.0
0.0
0.0
0.0
0.0
0.0
0.0
0.0
0.0
1.0
1.0
1.0
1.0
0.0
0.0
0.860485
0.0
0.0
0.0
0.0
1.0
1.0
0.0
0.0
1.0
0.0
1.0
1.0
0.0
0.0
0.0
0.0
0.0
1.0
1.0
0.0
1.0
0.0
0.312992
0.0
0.0
0.0
1.0
0.0
1.0
0.0
0.0
1.0
1.0
0.0
0.802734
1.0
1.0
0.0
0.0
0.679875
0.0
0.0
0.0
0.0
1.0
0.0
0.0
1.0
0.0
0.47614
1.0
0.0
0.469665
1.0
0.824216
0.0
0.0
0.0
0.0
1.0
0.0
0.0
0.0
1.0
0.0
0.0
0.0
0.0
0.0
0.0
1.0
1.0
0.0
0.0
1.0
1.0
0.0
0.0
0.0
0.0
1.0
0.0
0.578887
0.0
0.0
1.0
0.484515
0.0
0.0
0.0
0.873034
0.0
0.0
1.0
1.0
1.0
0.0
0.0
0.0
0.0
1.0
0.0
0.0
0.0
1.0
1.0
0.0
1.0
0.0
1.0
0.0
0.0
0.642146
1.0
1.0
0.0
1.0
0.0
1.0
0.0
1.0
0.0
0.0
1.0
1.0
0.0
1.0
0.949017
0.0
0.0
0.0
1.0
0.501741
0.0
0.0
0.0
1.0
0.0
0.0
0.0
0.0
0.0
0.0
0.0
0.0
0.0
1.0
0.0
0.0
1.0
0.0
1.0
0.0
0.0
0.0
0.655458
0.0
0.882615
0.0
0.0
0.0
0.0
1.0
0.0
0.0
0.0
0.0
0.0
0.0
1.0
0.0
0.0
0.0
0.854945
1.0
0.0
0.0
1.0
1.0
0.68446
0.0
0.0
0.0
0.0
1.0
1.0
0.0
0.51687
0.0
0.0
0.0
0.0
0.0
0.0
0.0
1.0
1.0
0.289716
1.0
0.0
1.0
0.0
1.0
0.0
1.0
0.0
0.0
0.0
0.0
0.947001
1.0
1.0
0.0
0.0
0.0
0.0
1.0
0.986324
0.0
0.0
1.0
1.0
1.0
0.0
0.0
0.0
0.0
0.0
0.873948
0.0
1.0
0.0
1.0
1.0
0.0
0.0
0.0
0.0
0.0
0.0
0.576163
0.0
1.0
0.0
0.0
1.0
1.0
0.0
1.0
0.63906
0.0
0.0
0.0
0.0
1.0
1.0
0.0
0.994816
1.0
0.0
0.0
0.0
0.0
0.0
1.0
1.0
0.0
0.0
1.0
0.0
0.394328
0.0
0.0
0.0
0.0
0.0
0.0
1.0
0.0
1.0
0.0
1.0
1.0
0.0
0.0
0.0
0.0
1.0
0.0
0.0
0.0
1.0
1.0
1.0
0.0
0.0
1.0
0.0
1.0
0.0
0.932771
0.0
1.0
0.0
0.0
0.0
0.0
0.0
0.0
1.0
0.0
1.0
0.0
0.0
0.0
0.0
0.0
0.639192
1.0
0.0
1.0
0.0
0.0
0.867743
0.0
0.0
0.0
0.0
0.0
0.0
0.0
1.0
0.0
1.0
0.0
0.0
0.808616
0.0
0.0
0.811518
0.0
1.0
1.0
0.673385
1.0
1.0
0.514889
0.0
1.0
1.0
0.0
0.0
0.0
0.656931
1.0
1.0
1.0
0.0
1.0
0.0
1.0
0.0
0.0
1.0
1.0
1.0
1.0
0.0
0.0
0.0
0.986741
0.0
0.0
0.0
0.0
0.0
0.590253
1.0
0.0
0.732835
1.0
0.0
1.0
0.598267
0.0
0.0
0.0
0.0
1.0
0.0
0.0
0.0
0.738428
0.999143
0.0
0.386851
1.0
0.0
0.0
0.0
0.0
1.0
0.0
0.0
1.0
0.0
0.0
0.0
0.0
1.0
0.0
0.0
0.0
0.0
0.0
1.0
0.0
0.0
1.0
0.0
1.0
0.0
0.713009
1.0
0.0
1.0
0.0
0.154613
1.0
0.0
0.0
0.0
1.0
1.0
0.0
0.0
0.0
1.0
1.0
0.0
0.0
0.0
0.0
0.0
0.0
0.0
1.0
0.0
1.0
0.0
0.0
0.0
1.0
1.0
0.0
0.0
0.0
1.0
0.0
1.0
1.0
0.0
1.0
1.0
1.0
0.0
0.0
0.0
1.0
0.0
0.0
0.0
1.0
0.910436
1.0
1.0
0.0
0.0
1.0
0.0
0.0
0.0
0.0
0.0
0.0
0.0
0.0
0.527332
0.0
0.0
1.0
0.0
0.523635
0.0
0.667359
0.0
0.0
0.0
1.0
0.0
1.0
0.0
0.0
0.0
0.0
0.0
0.0
1.0
1.0
0.0
0.0
0.0
0.0
1.0
0.0
1.0
0.0
1.0
1.0
0.0
0.0
0.0
0.553041
0.0
0.0
1.0
0.0
0.0
0.0
1.0
0.0
1.0
1.0
0.474644
1.0
0.0
0.0
0.0
0.0
1.0
0.0
0.0
0.0
0.0
0.0
0.0
0.635214
0.0
0.0
0.652368
0.0
0.0
0.0
0.0
0.0
0.0
1.0
0.0
0.0
0.0
0.0
0.0
0.0
0.0
0.0
1.0
0.0
1.0
0.0
0.0
0.0
1.0
0.0
0.0
1.0
0.0
1.0
1.0
1.0
0.0
1.0
1.0
1.0
0.0
0.669123
0.0
0.455667
0.0
0.0
0.435124
0.0
0.0
0.0
1.0
0.0
0.0
1.0
1.0
0.0
1.0
1.0
1.0
0.0
0.0
0.37321
1.0
0.0
0.0
1.0
1.0
1.0
0.0
0.0
0.0
0.824858
0.0
0.0
1.0
0.0
0.0
0.0
0.0
0.0
0.0
0.0
1.0
0.0
0.491707
0.0
0.842132
1.0
1.0
0.0
1.0
0.0
0.0
1.0
0.0
0.0
0.0
0.732835
0.0
0.0
0.0
0.0
1.0
0.0
0.0
1.0
0.81249
0.0
0.0
0.0
0.0
1.0
0.0
0.0
0.0
0.927401
0.0
1.0
1.0
0.0
0.0
0.389322
1.0
0.48197
0.0
0.0
0.0
0.0
0.0
0.732835
0.0
0.0
0.0
0.0
0.0
0.0
0.0
1.0
1.0
1.0
0.0
0.0
0.0
1.0
0.0
1.0
0.0
0.0
0.0
1.0
0.0
0.0
0.0
1.0
1.0
0.895186
0.0
1.0
0.0
0.0
0.0
0.0
0.721698
1.0
0.0
0.0
0.0
0.0
0.0
1.0
0.0
0.0
0.0
1.0
0.0
0.0
0.0
0.0
1.0
0.0
0.0
0.0
0.361765
1.0
0.0
1.0
0.0
0.602892
0.0
0.0
0.0
0.0
0.0
1.0
0.0
1.0
0.0
0.0
0.0
1.0
1.0
1.0
1.0
0.0
1.0
0.0
0.0
0.0
0.673882
0.285571
0.0
0.891513
0.0
0.0
0.0
0.0
0.0
0.0
1.0
0.0
0.0
1.0
0.0
0.0
0.0
0.0
0.0
0.0
0.0
0.0
0.0
0.0
0.0
1.0
1.0
0.0
0.0
0.0
0.0
0.0
0.236681
0.0
1.0
0.0
0.0
1.0
0.0
0.0
0.0
1.0
0.0
0.0
0.0
0.0
0.0
0.0
0.235291
0.0
0.0
0.0
0.0
0.0
0.0
0.310039
0.0
1.0
1.0
0.0
0.0
1.0
1.0
1.0
0.0
0.0
0.0
0.0
0.0
0.0
1.0
1.0
0.550855
0.0
0.484562
1.0
1.0
0.0
0.0
0.97835
1.0
0.0
0.650138
0.0
0.0
0.0
1.0
0.0
1.0
0.0
0.0
0.457022
0.0
0.0
1.0
0.0
0.0
0.0
0.0
1.0
0.0
0.0
0.0
1.0
1.0
1.0
0.0
0.0
0.0
0.0
1.0
0.0
1.0
0.825715
1.0
0.0
0.0
1.0
0.0
0.0
1.0
0.0
0.0
1.0
0.0
0.803397
1.0
0.0
0.0
1.0
0.0
0.733267
0.0
0.0
1.0
0.0
0.0
0.0
0.0
0.0
0.0
1.0
1.0
0.0
0.0
0.0
0.219378
1.0
1.0
1.0
0.0
0.0
0.0
0.744463
1.0
0.0
1.0
1.0
0.0
1.0
0.0
0.0
1.0
0.0
0.0
0.0
1.0
0.0
1.0
1.0
0.0
0.0
1.0
0.0
1.0
1.0
1.0
0.0
0.3642
0.0
0.617224
0.0
0.0
0.0
1.0
1.0
0.66822
0.0
1.0
0.0
0.0
0.0
0.0
1.0
0.0
0.0
0.0
0.0
0.0
1.0
0.0
0.0
0.0
0.0
0.0
0.0
0.0
1.0
0.0
0.0
0.0
0.0
0.0
1.0
0.0
1.0
1.0
1.0
0.0
0.563032
0.0
1.0
0.0
0.0
1.0
1.0
0.0
0.0
0.0
1.0
1.0
0.0
0.0
0.0
1.0
0.0
0.0
0.0
0.0
0.926713
0.0
0.776554
0.0
0.0
0.948318
0.0
0.0
0.0
0.0
0.0
0.0
0.0
0.0
0.0
1.0
0.0
0.0
0.0
1.0
0.0
0.0
0.892454
1.0
1.0
0.0
1.0
0.0
0.0
1.0
1.0
0.0
0.0
1.0
1.0
0.0
0.0
1.0
1.0
1.0
0.411033
0.0
1.0
0.0
0.704039
0.0
0.0
1.0
0.0
0.0
1.0
1.0
0.0
0.0
0.0
0.0
1.0
1.0
1.0
0.515928
1.0
0.0
0.0
0.0
0.0
1.0
1.0
1.0
0.0
1.0
0.0
1.0
0.0
1.0
1.0
0.772991
0.0
0.0
0.0
0.0
0.0
0.0
0.0
0.0
0.0
0.0
0.0
0.0
0.0
1.0
0.0
0.0
1.0
0.0
0.0
0.0
1.0
0.0
1.0
0.0
1.0
0.0
0.0
0.0
0.433449
0.0
1.0
0.0
0.0
0.0
1.0
0.0
1.0
0.0
0.0
0.0
1.0
1.0
0.0
0.0
0.0
0.0
0.0
0.0
0.0
0.0
0.0
0.0
1.0
1.0
0.0
0.0
0.329894
1.0
0.0
0.0
0.0
1.0
1.0
0.0
0.0
0.0
0.0
0.0
0.0
0.0
0.0
0.0
0.0
0.0
0.0
0.0
1.0
1.0
0.0
0.0
1.0
0.0
0.0
0.0
0.0
0.0
0.703312
1.0
0.0
1.0
0.0
1.0
0.0
0.0
1.0
0.0
1.0
0.0
1.0
0.0
0.0
0.0
1.0
1.0
1.0
1.0
0.0
1.0
0.0
0.0
0.0
1.0
0.0
0.0
0.851189
1.0
0.0
0.0
1.0
1.0
1.0
0.0
0.0
0.0
0.463614
1.0
0.0
0.0
1.0
0.0
0.0
0.0
0.0
0.825377
0.0
0.0
0.0
0.0
1.0
0.0
0.0
0.800689
1.0
0.0
1.0
0.0
0.0
1.0
0.0
0.0
0.0
0.0
0.980866
1.0
0.0
0.0
0.0
0.0
1.0
0.0
0.0
0.0
0.441884
1.0
1.0
0.0
0.0
1.0
1.0
0.0
0.0
0.0
0.0
0.0
0.0
0.0
0.0
0.0
1.0
0.275551
0.412514
0.0
0.505391
1.0
0.0
0.0
0.0
1.0
1.0
1.0
0.0
1.0
0.0
0.0
0.0
0.0
1.0
0.0
0.0
0.0
1.0
0.0
0.0
1.0
1.0
1.0
0.0
0.0
0.0
0.0
0.0
1.0
0.0
0.0
0.0
0.0
0.0
0.344163
1.0
0.0
0.0
0.132438
1.0
0.0
0.0
0.0
0.0
0.0
0.971001
0.702048
0.0
0.0
0.0
0.0
0.782675
0.0
0.0
0.0
1.0
0.0
0.810148
0.0
0.0
1.0
0.0
1.0
0.0
0.0
0.0
0.0
1.0
0.0
1.0
0.0
1.0
0.0
0.0
0.0
0.0
0.0
0.0
1.0
0.345565
0.0
0.0
1.0
0.0
0.0
0.0
0.0
0.0
1.0
0.0
0.0
1.0
0.0
0.582694
0.0
1.0
0.0
1.0
0.0
1.0
0.0
0.0
0.0
0.0
1.0
1.0
0.0
0.0
1.0
1.0
0.815557
1.0
0.0
0.634728
1.0
0.0
1.0
1.0
1.0
0.0
0.0
1.0
0.0
1.0
0.0
0.0
0.0996169
1.0
0.0
0.0
0.0
1.0
1.0
1.0
0.0
0.0
1.0
1.0
0.0
1.0
0.0
0.856252
1.0
0.0
0.0
0.0
0.0
0.0
0.0
1.0
0.0
1.0
0.0
1.0
0.0
0.0
1.0
0.0
0.0
0.0
1.0
1.0
0.899698
0.0
0.0
0.0
1.0
0.0
1.0
1.0
0.0
1.0
0.0
0.0
1.0
0.0
0.0
0.0
0.0
0.0
0.0
1.0
0.0
0.0
0.0
0.0
0.0
0.0
1.0
1.0
1.0
0.0
0.0
0.0
0.0
0.0
0.0
1.0
0.0
0.0
0.0
0.0
0.0
0.0
1.0
1.0
0.0
0.0
0.0
0.896884
0.0
0.0
0.0
0.843355
0.0
0.0
0.0
0.0
0.0
1.0
0.0
1.0
0.0
1.0
0.452837
1.0
0.0
0.0
1.0
0.0
0.697496
1.0
1.0
0.94712
0.0
0.0
0.0
0.0
0.0
0.0
0.0
0.0
1.0
1.0
0.519401
1.0
0.0
1.0
0.0
0.0
0.0
0.0
0.859803
0.0
1.0
0.751774
0.0
0.0
0.0
1.0
0.0
0.978492
0.0
0.0
1.0
1.0
0.0
0.0
0.0
1.0
0.0
1.0
0.0
0.0
0.0
0.0
0.0
0.0
1.0
1.0
0.0
0.0
0.0
1.0
1.0
1.0
1.0
0.0
0.0
0.0
0.0
1.0
0.0
0.0
1.0
1.0
0.0
1.0
0.417101
0.0
0.0
1.0
1.0
1.0
0.999998
0.0
1.0
0.0
1.0
1.0
0.0
1.0
1.0
1.0
0.996262
1.0
0.0
0.0
0.0
0.0
0.0
0.0
1.0
0.0
0.592897
0.0
0.0
1.0
0.0
0.0
0.0
0.0
0.0
0.468054
0.892734
1.0
0.0
0.0
1.0
0.0
0.0
0.0
1.0
1.0
1.0
0.0
0.0
0.0
0.0
1.0
0.0
0.0
0.0
0.0
1.0
1.0
0.0
0.0
0.0
0.900338
0.0
0.0
0.0
1.0
0.0
1.0
0.771574
0.0
0.0
0.0
1.0
1.0
0.0
0.0
1.0
0.0
0.0
1.0
0.0
0.0
1.0
1.0
0.805891
0.0
1.0
1.0
0.0
1.0
0.790933
0.0
0.73068
0.0
0.0
0.0
0.0
0.0
0.0
1.0
0.0
0.0
0.0
0.0
0.312152
0.0
1.0
0.0
0.819557
0.0
0.0
1.0
0.0
0.0
0.0
0.0
0.0
0.0
0.0
0.0
0.0
0.0
0.0
0.0
0.0
0.425182
0.0
0.76448
0.0
1.0
1.0
1.0
0.0
0.800263
0.0
0.279488
0.0
0.0
0.0
0.0
0.0
0.0
1.0
0.0
0.0
0.0
0.0
0.0
1.0
1.0
1.0
0.822239
1.0
0.0
0.0
0.0
1.0
0.0
0.0
0.0
0.0
1.0
1.0
0.0
0.0
1.0
1.0
0.0
0.0
1.0
0.0
0.0
1.0
0.0
1.0
1.0
0.0
0.0
0.0
1.0
0.0
0.691573
0.0
0.0
0.0
0.0
0.0
0.964457
0.0
1.0
1.0
1.0
0.0
0.589658
1.0
0.0
0.0
0.0
0.0
1.0
0.0
0.0
1.0
0.0
0.0
0.0
0.0
0.0
0.0
0.751785
0.0
0.0
1.0
0.0
0.67884
0.0
1.0
0.574565
0.0
1.0
1.0
0.0
0.0
0.0
0.0
1.0
1.0
0.0
0.0
0.0
0.0
0.0
1.0
0.80926
0.0
1.0
0.0
0.0
0.0
0.0
0.0
0.0
0.0
1.0
0.0
0.793047
0.0
0.0
0.0
0.558274
0.0
0.0
0.0
0.774679
1.0
0.0
1.0
1.0
1.0
0.309304
1.0
0.0
0.0
0.0
0.0
1.0
1.0
0.0
0.0
0.0
0.0
1.0
1.0
0.0
1.0
0.888764
0.0
1.0
0.0
0.0
1.0
0.0
1.0
1.0
0.0
0.0
0.0
0.0
0.0
0.0
0.0
0.0
1.0
0.0
1.0
0.0
1.0
0.0
1.0
0.0
0.0
0.0
0.0
0.0
0.600854
0.0
1.0
0.0
0.0
1.0
1.0
0.0
0.0
0.0
0.0
0.0
0.931817
0.864203
0.0
0.710286
1.0
1.0
0.0
1.0
0.0
1.0
1.0
0.65676
1.0
0.0
1.0
0.0
0.0
1.0
1.0
0.0
1.0
0.0
1.0
1.0
0.62696
0.0
1.0
0.0
0.449499
0.0
0.0
1.0
0.822219
1.0
0.0
0.0
1.0
0.0
0.0
1.0
0.0
1.0
0.0
0.0
0.0
0.0
1.0
0.0
0.0
1.0
0.0
1.0
0.0
0.0
1.0
0.0
1.0
0.0
0.0
1.0
1.0
1.0
0.0
0.0
0.0
0.0
1.0
1.0
0.0
1.0
1.0
0.0
0.0
0.0
0.0
1.0
0.0
0.0
0.0
0.0
1.0
0.0
0.756157
0.0
0.0
1.0
1.0
0.0
0.0
1.0
0.0
0.0
0.0
1.0
0.0
0.0
0.0
0.0
0.0
0.0
0.0
1.0
1.0
0.0
0.0
0.936089
0.0
1.0
0.0
0.0
0.0
0.0
0.0
0.0
1.0
0.0
1.0
0.0
0.631928
0.691326
0.0
0.0
0.0
0.0
0.0
0.0
1.0
0.0
1.0
1.0
0.0
0.0
0.0
0.592645
1.0
0.0
0.0
0.0
0.0
0.0
0.809272
1.0
1.0
0.0
0.0
1.0
0.0
1.0
0.0
0.699487
1.0
1.0
0.0
1.0
0.0
0.0
0.0
0.0
1.0
0.0
0.0
1.0
0.0
1.0
0.0
0.686575
1.0
0.999881
0.0
0.0
0.0
0.727392
0.0
0.0
1.0
1.0
1.0
0.0
1.0
0.0
1.0
1.0
0.0
0.0
0.0
1.0
0.0
0.0
1.0
0.0
1.0
0.0
1.0
0.0
1.0
0.712827
0.0
0.0
1.0
1.0
0.0
1.0
0.0
0.0
0.0
1.0
0.0
0.0
0.0
1.0
0.0
0.0
1.0
1.0
1.0
0.0
0.0
0.0
1.0
0.0
0.0
1.0
0.0
1.0
0.0
0.0
0.415404
0.0
0.0
0.0
0.0
1.0
0.0
0.0
0.0
1.0
0.0
1.0
1.0
0.0
0.0
0.0
0.0
0.0
0.0
1.0
0.0
1.0
1.0
1.0
0.0
0.0
0.0
0.0
0.0
0.0
1.0
0.535242
0.0
1.0
1.0
0.0
0.0
0.0
0.0
0.0
0.0
0.918008
0.617276
1.0
1.0
1.0
0.0
0.784904
0.0
0.0
0.0
0.554245
0.0
0.0
1.0
1.0
0.0
1.0
1.0
1.0
0.0
0.0
0.0
0.0
0.0
0.0
0.0
1.0
0.0
0.0
0.0
0.0
1.0
0.0
1.0
0.0
0.0
1.0
0.0
0.0
1.0
0.0
0.0
0.0
0.0
0.98894
0.0
0.853054
0.0
0.0
0.0
1.0
0.0
0.0
0.0
1.0
0.0
1.0
0.0
1.0
0.0
0.0
0.0
0.0
0.0
0.655077
0.0
0.888709
0.0
0.0
0.0
0.89119
1.0
0.0
0.0
0.0
1.0
0.0
0.0
0.801813
1.0
1.0
0.0
0.440718
1.0
0.0
0.0
0.0
0.0
0.0
0.0
1.0
0.0
0.0
1.0
0.0
1.0
0.0
0.0
0.0
0.0
1.0
0.0
0.0
1.0
1.0
0.0
0.0
1.0
1.0
1.0
1.0
0.0
0.0
0.0
1.0
0.0
0.0
0.0
1.0
0.0
0.0
0.0
1.0
0.0
0.0
0.0
0.874367
0.0
0.55626
0.0
0.0
0.0
0.0
0.51268
0.0
0.0
1.0
0.0
1.0
0.0
0.0
0.0
1.0
0.0
0.748594
1.0
0.0
0.0
0.0
0.0
1.0
0.0
1.0
1.0
0.0
0.798329
1.0
0.0
0.0
1.0
0.0
0.0
1.0
0.0
1.0
0.0
1.0
0.0
0.0
1.0
0.0
1.0
1.0
0.545949
0.0
1.0
1.0
0.0
0.605076
0.0
1.0
1.0
1.0
0.0
0.0
1.0
0.771524
0.0
0.0
0.0
0.0
0.0
1.0
0.0
0.706437
0.0
0.0
1.0
0.0
0.0
1.0
1.0
1.0
0.0
1.0
0.0
0.0
0.0
0.0
0.0
0.0
0.0
0.0
0.771634
0.0
0.0
1.0
0.0
0.0
1.0
1.0
0.0
0.0
0.691181
0.0
0.0
1.0
0.0
0.0
0.0
1.0
0.0
0.0
0.0
1.0
0.0
1.0
0.0
1.0
0.0
1.0
0.0
1.0
0.0
0.869674
1.0
0.0
1.0
0.0
1.0
0.0
1.0
1.0
0.4609
0.0
1.0
1.0
0.0
0.0
1.0
0.0
0.0
0.0
0.0
1.0
0.0
1.0
0.0
1.0
1.0
0.790962
0.0
0.0
0.319714
1.0
0.0
0.0
1.0
0.0
0.719959
0.231295
0.0
0.0
0.0
0.503344
0.0
0.0
1.0
0.0
1.0
1.0
1.0
0.0
0.0
0.0
1.0
1.0
0.0
0.877661
0.0
0.0
0.0
1.0
0.0
1.0
1.0
0.511397
0.0
0.543609
0.0
0.0
0.0
1.0
1.0
0.0
0.0
0.0
0.0
1.0
1.0
0.0
0.0
1.0
0.0
1.0
0.0
1.0
0.0
1.0
0.0
0.0
0.0
0.0
0.0
0.0
0.0
1.0
0.0
0.0
0.0
0.0
0.0
1.0
1.0
0.0
1.0
1.0
1.0
1.0
1.0
0.0
0.0
0.0
1.0
0.733483
0.0
1.0
0.0
0.0
1.0
1.0
1.0
0.0
0.0
0.0
0.0
1.0
0.0
0.838662
1.0
0.0
0.755939
0.0
0.0
0.0
0.0
0.0
0.0
0.0
0.0
0.0
0.0
1.0
0.476291
0.0
0.0
0.0
0.0
1.0
0.0
0.0
1.0
0.0
0.0
1.0
0.0
0.0
1.0
0.0
0.0
0.0
0.0
0.0
0.0
0.0
1.0
1.0
0.0
0.0
0.0
0.0
1.0
1.0
0.514641
0.0
0.0
1.0
0.0
0.0
1.0
0.440414
1.0
0.0
1.0
0.0
1.0
0.0
0.921338
1.0
0.975583
1.0
0.0
0.0
1.0
1.0
0.0
0.0
1.0
1.0
0.0
0.0
1.0
0.682628
1.0
1.0
1.0
0.0
0.841133
0.0
0.0
1.0
1.0
0.0
0.0
0.0
0.0
1.0
0.0
0.0
0.0
0.0
0.0
0.0
0.0
1.0
1.0
0.0
0.698924
0.0
1.0
1.0
0.0
0.0
0.0
1.0
0.0
1.0
0.0
1.0
1.0
0.882413
0.0
1.0
1.0
1.0
1.0
0.0
0.923953
1.0
0.0
0.862678
0.0
0.0
0.0
0.0
1.0
0.880107
0.0
1.0
0.92856
1.0
1.0
1.0
0.0
0.0
1.0
0.926013
0.0
0.0
0.0
0.0
0.0
0.0
0.0
1.0
0.0
1.0
0.0
0.0
1.0
0.0
1.0
0.0
0.0
0.0
0.0
0.0
0.0
0.0
0.0
0.0
0.0
1.0
0.0
0.0
0.0
0.0
0.475953
1.0
1.0
0.0
0.245679
1.0
0.0
0.0
0.0
1.0
0.896132
1.0
1.0
0.0
0.0
0.0
0.0
0.0
0.0
1.0
1.0
0.0
1.0
1.0
0.0
0.0
0.0
0.0
0.0
1.0
0.0
0.0
0.76376
0.525964
1.0
0.0
0.0
1.0
0.0
1.0
0.0
1.0
0.0
1.0
0.0
0.0
1.0
0.822478
0.0
0.742004
1.0
1.0
0.0
1.0
0.0
0.0
0.0
0.0
0.99203
1.0
0.0
1.0
0.0
0.0
0.0
1.0
1.0
1.0
0.0
0.0
0.865448
1.0
0.0
0.0
1.0
0.0
0.0
0.0
0.0
0.0
1.0
0.0
0.0
0.0
1.0
0.0
0.0
0.0
1.0
1.0
1.0
0.0
0.0
0.0
0.0
0.869377
1.0
0.0
1.0
1.0
0.0
0.0
1.0
0.0
0.0
0.0
0.0
0.0
1.0
1.0
0.0
0.0
1.0
0.0
0.0
0.0
1.0
0.0
0.0
0.0
1.0
0.0
1.0
0.0
0.0
0.0
0.0
0.0
0.0
0.0
1.0
1.0
0.0
0.954073
0.0
0.0
0.0
0.0
1.0
0.0
1.0
0.0
1.0
0.0
0.0
1.0
1.0
0.0
0.0
1.0
0.0
1.0
0.0
0.61853
0.0
1.0
0.0
0.0
0.0
0.0
0.0
0.0
0.0
0.0
1.0
1.0
0.0
0.0
0.0
1.0
0.0
0.0
0.0
0.0
0.0
0.0
1.0
0.0
0.371117
0.0
0.0
0.0
0.0
0.0
1.0
1.0
1.0
0.0
0.0
0.0
0.0
0.0
1.0
0.0
0.0
0.0
0.819942
0.0
0.0
0.901218
0.0
0.0
0.0
1.0
0.0
1.0
1.0
0.574553
1.0
1.0
0.0
0.0
0.0
1.0
0.0
1.0
0.0
1.0
1.0
0.0
0.0
0.256987
1.0
0.0
0.0
0.0
0.0
1.0
0.0
0.675357
0.0
0.0
0.0
0.0
0.0
1.0
0.0
0.0
0.0
0.0
1.0
0.0
0.0
1.0
0.0
0.0
0.0
0.0
1.0
0.0
0.0
0.0
0.0
0.0
0.0
1.0
0.0
1.0
1.0
0.961392
0.0
0.89044
1.0
0.0
0.0
1.0
0.0
0.0
0.0
1.0
0.0
1.0
0.0
0.0
0.961973
0.0
1.0
1.0
1.0
0.0
0.0
1.0
1.0
1.0
0.0
0.0
0.0
0.0
0.0
0.0
0.0
0.0
1.0
0.0
0.0
1.0
0.242422
0.0
0.0
1.0
0.0
0.0
0.0
1.0
0.0
0.0
0.0
0.0
1.0
1.0
0.0
0.0
0.0
0.0
0.0
0.0
0.0
0.0
0.0
0.0
1.0
1.0
0.0
1.0
1.0
0.0
0.0
0.0
0.0
0.0
0.0
0.0
0.0
0.0
0.0
1.0
1.0
1.0
0.0
0.0
0.0
0.0
1.0
1.0
0.0
0.0
0.0
0.0
0.805507
1.0
0.0
0.0
0.0
0.0
0.0
0.0
0.0
0.0
0.0
1.0
0.0
0.0
0.0
0.0
1.0
0.0
1.0
0.0
1.0
0.0
1.0
1.0
1.0
0.869962
0.0
0.0
0.358032
0.702782
0.0
1.0
0.0
0.0
0.0
0.0
0.94561
0.0
0.0
0.0
1.0
0.0
0.0
0.0
0.0
0.0
0.0
0.0
0.0
0.0
0.0
0.0
0.0
1.0
1.0
1.0
0.0
0.0
1.0
1.0
1.0
1.0
0.0
1.0
0.0
1.0
1.0
0.0
0.0
0.0
0.0
0.0
0.0
0.0
0.0
1.0
0.0
0.0
1.0
0.0
0.0
1.0
1.0
1.0
0.0
0.0
1.0
0.0
0.0
1.0
1.0
1.0
1.0
0.0
1.0
1.0
1.0
0.0
0.456959
1.0
0.0
0.0
0.407655
0.0
0.0
0.326774
1.0
0.0
0.0
0.0
0.0
0.0
0.0
0.0
0.0
1.0
0.0
1.0
0.0
1.0
0.693827
1.0
1.0
0.0
0.0
1.0
1.0
0.0
0.0
1.0
0.0
0.0
1.0
0.711121
0.806576
1.0
0.0
1.0
0.0
1.0
0.0
0.0
0.0
0.0
1.0
0.0
0.0
1.0
0.0
0.0
1.0
0.0
0.0
0.0
0.0
0.0
1.0
0.0
0.0
1.0
1.0
1.0
0.0
0.0
0.0
0.0
0.0
0.0
0.878692
0.0
0.0
0.0
0.0
1.0
1.0
1.0
1.0
0.0
0.0
0.0
1.0
1.0
1.0
0.0
1.0
0.0
0.0
1.0
1.0
0.0
1.0
0.0
0.0
0.0
0.0
0.0
1.0
0.0
0.63608
0.0
0.0
0.0
0.0
1.0
0.0
0.0
1.0
0.0
1.0
1.0
0.0
0.0
0.0
0.0
0.0
0.0
0.0
0.0
0.0
0.0
1.0
0.0
0.0
0.0
1.0
0.0
0.0
1.0
0.776949
0.0
0.0
1.0
0.0
0.0
0.0
0.627214
0.0
1.0
0.946423
1.0
0.680671
1.0
0.0
0.0
0.0
0.0
0.0
1.0
1.0
0.0
0.0
0.0
0.0
1.0
0.0
0.0
0.838135
0.0
1.0
0.0
1.0
0.0
0.0
0.0
1.0
0.0
0.0
1.0
0.0
1.0
0.0
0.0
0.0
0.0
0.0
0.0
0.0
0.0
1.0
1.0
0.0
