0.850828
1.0
1.0
1.0
0.570469
1.0
1.0
0.821797
0.580117
0.775108
0.170006
1.0
0.893536
0.801658
1.0
0.930701
0.43536
0.903097
0.596715
0.865735
0.745347
0.577317
1.0
0.0
0.758062
0.841709
0.622559
0.873178
0.408248
0.922236
0.893536
0.909758
0.403441
0.997491
0.985394
0.999993
1.0
0.674742
1.0
1.0
0.940346
0.759342
0.842293
1.0
0.595578
0.949289
1.0
1.0
0.614468
0.925727
1.0
1.0
0.922971
0.912235
0.928999
0.745655
1.0
0.343094
1.0
1.0
0.781431
0.886946
0.448485
0.666667
1.0
0.572941
0.854562
1.0
0.854391
0.913725
0.876058
0.58894
0.27504
1.0
0.707107
0.326326
0.833621
0.816502
0.0
1.0
0.94796
0.10802
0.427582
0.656098
0.817545
0.674696
0.781872
0.744183
0.64038
0.499536
0.528292
1.0
0.893536
0.824078
0.844848
0.816497
0.694636
1.0
0.594284
0.12988
0.903991
0.632983
1.0
0.906765
0.463943
0.57735
0.790477
0.635256
0.82452
0.223082
0.999999
1.0
1.0
0.205035
1.0
0.866025
0.476499
0.5
1.0
0.594673
0.785169
0.695593
0.707107
0.682399
0.348907
1.0
0.686852
0.440473
0.0857418
0.903517
0.481753
0.409243
0.295438
0.707105
0.762478
0.492828
0.333566
0.464486
0.822977
0.235877
0.942295
0.84749
0.732229
0.560339
0.95371
0.936312
0.894844
0.825989
0.732439
0.661255
1.0
0.816497
0.695361
0.583357
0.816819
0.824677
0.799033
0.189187
0.460003
0.67295
0.703528
0.600924
0.0
0.57735
1.0
0.744613
0.532389
0.521478
1.0
0.88708
0.940927
0.670947
0.940887
0.84095
0.408325
0.948051
0.926705
0.666667
0.755269
0.631227
1.0
0.948051
0.990399
0.706859
0.675024
0.501083
0.896399
0.927314
0.504823
0.63216
1.0
0.631826
0.164296
0.943881
0.472964
0.567302
0.893536
0.629596
0.743758
1.0
1.0
0.70771
0.893536
0.974758
0.948045
0.726134
0.670279
0.805316
0.272307
0.507232
0.554305
0.721847
0.638001
0.749502
0.816497
0.870761
0.251079
1.0
0.832221
0.893536
0.407045
0.597852
0.577348
0.844058
0.990186
0.840423
0.773007
0.735381
0.775108
0.718611
0.744149
0.666667
0.969714
0.905089
0.317458
1.0
0.816497
0.823137
0.750133
0.984831
0.20718
0.798407
0.770995
1.0
0.720929
0.280306
0.56624
0.561601
0.776555
0.632992
0.437673
0.76855
0.408248
0.499669
0.754153
0.69394
0.947097
0.893981
0.553824
0.888318
0.664611
0.81717
0.708566
0.722123
1.0
0.539933
0.98477
0.812789
0.998857
0.999999
0.968063
0.0
0.660618
0.778813
0.949669
0.888443
0.694065
0.920896
0.577034
0.646241
0.925158
0.881624
1.0
0.146502
0.57735
0.550403
0.75
0.0
0.88529
0.725357
0.845176
0.853567
0.593197
0.420863
0.670849
1.0
0.968913
0.457204
0.853491
1.0
0.798407
0.891971
0.854726
1.0
0.816497
1.0
0.92966
0.743056
0.671725
0.872668
0.666671
0.313676
0.418622
1.0
1.0
0.790985
0.729586
0.955688
0.795678
0.83678
1.0
0.8167
1.0
0.0
0.438003
0.942132
0.37045
0.765594
0.504272
0.752661
1.0
0.687193
0.746122
0.725042
0.996965
1.0
0.288675
0.300659
0.969714
0.258486
0.77095
0.788106
0.965638
0.55384
0.816497
0.999995
0.772682
0.707107
0.569079
1.0
0.723596
1.0
0.532582
0.235595
0.984999
0.0
0.707107
0.765185
1.0
0.798407
0.897046
0.712558
0.991364
0.856244
0.914102
0.943704
0.57735
0.442524
0.432296
0.812168
1.0
1.0
1.0
0.816497
1.0
1.0
0.827362
1.0
0.713341
0.523569
0.771827
0.817192
0.769136
0.55536
1.0
0.580001
0.903816
0.387233
0.532896
0.866025
1.0
0.44867
0.573809
0.816497
0.962839
0.948509
0.67082
0.510823
0.807723
0.888594
1.0
0.297238
0.94931
0.856572
1.0
0.725638
0.942704
0.0
1.0
0.968434
0.894959
0.840854
0.666667
0.932591
0.738567
0.815073
0.916844
0.931441
0.707107
0.837228
0.833073
0.740438
0.840137
0.997093
0.815222
0.890998
1.0
0.655416
0.515119
0.838792
0.666667
0.665744
1.0
0.0893867
1.0
0.509185
0.733924
0.669265
0.983493
0.801901
1.0
0.854251
0.688929
0.414849
0.999989
1.0
0.0
0.828774
0.510137
1.0
1.0
0.350794
1.0
0.950667
0.999994
0.828652
1.0
0.775095
0.750192
0.575827
0.589055
0.357988
0.683711
0.693177
0.799067
0.83856
0.731932
0.610031
0.521436
0.241929
0.722546
0.999989
0.554473
0.999955
0.975595
0.83667
0.838923
0.766198
0.948255
0.690331
0.556048
1.0
0.546412
0.920505
0.975766
0.611354
0.72543
0.823334
0.821508
0.460216
0.572859
1.0
0.750389
0.906179
0.947211
0.520327
0.771924
0.707105
0.272035
0.478776
0.999999
0.956665
0.941578
0.769374
0.966349
0.896913
0.713066
0.870069
0.909799
0.897991
0.246763
1.0
0.75
0.890687
1.0
0.577349
0.685746
0.968982
1.0
0.467905
0.0918101
0.666699
0.495448
0.530311
0.995749
1.0
0.300188
0.789391
0.22714
0.64296
0.815143
1.0
0.505263
0.898243
0.5
0.986859
1.0
0.105769
1.0
1.0
0.817161
0.800366
1.0
0.680264
0.797873
0.904996
0.932046
0.707107
0.50035
0.345805
0.596593
0.998302
0.596828
0.845039
0.516398
0.57735
1.0
0.72973
0.666675
0.182889
0.866025
0.806829
0.704714
0.893536
0.827903
0.900243
0.871091
1.0
0.575325
0.800495
0.362524
0.335547
0.680264
0.774513
0.89644
0.811132
0.707107
0.796356
0.935084
0.753811
0.0
0.232075
0.948051
0.90162
0.949524
0.253322
0.710855
0.894427
1.0
1.0
0.989588
1.0
1.0
0.469295
1.0
0.935416
0.931662
1.0
0.57735
0.767655
0.773295
0.814969
0.408248
0.695104
0.85966
0.750466
0.97819
0.948049
0.9406
0.997098
0.730902
0.747663
0.85834
1.0
0.730648
0.680264
0.53033
1.0
0.832229
0.707107
0.259225
1.0
0.0
0.605948
0.470623
0.952447
0.107444
0.940086
0.83043
0.80074
0.57735
0.999902
0.998883
0.939883
0.57735
0.707106
0.828007
0.511235
0.961354
0.807068
0.516702
0.266783
0.872833
1.0
0.515718
0.816629
1.0
1.0
0.792796
0.89429
0.965638
0.999995
0.776588
0.798528
0.819518
1.0
0.905867
0.160935
0.497533
0.951906
0.816497
0.876078
0.516398
0.964516
0.866025
1.0
0.957186
0.376372
0.816497
0.533961
0.624261
0.517751
0.653983
0.380287
0.916576
0.54243
1.0
0.938101
0.803737
0.666667
0.396696
0.698871
0.59192
0.775108
1.0
0.663412
0.847118
0.856403
0.434357
0.298858
1.0
0.0
0.619995
0.900965
0.395358
0.740976
0.636176
0.786912
1.0
0.989395
0.935547
0.496146
0.816497
0.707107
0.856324
0.596335
0.408248
1.0
0.697139
0.288745
0.898806
0.79969
0.869047
0.606618
0.320953
0.677219
0.887941
1.0
0.624729
0.445064
0.816723
1.0
0.57735
0.478321
0.24047
0.866024
0.352644
0.887443
0.999989
0.816497
0.816042
0.893556
1.0
0.974869
0.57735
0.770698
0.707107
0.824058
0.284608
0.816497
0.870321
0.612372
0.423798
0.754348
0.816864
0.730834
0.499163
0.818476
0.919904
0.903227
0.659647
0.630134
1.0
0.925869
0.308736
0.999998
0.866147
0.929666
1.0
1.0
0.647715
0.782046
0.608605
0.700442
0.893987
0.960524
0.0
0.666667
0.447214
0.902349
0.438767
0.912057
0.678813
0.984769
0.656225
0.362731
0.856332
1.0
0.666667
1.0
0.50853
0.609767
0.776657
0.285913
0.498588
0.866025
0.516969
0.0841772
0.651774
0.613127
0.734871
0.833408
0.707105
0.226995
0.782749
1.0
0.98949
0.993832
0.770129
0.882986
1.0
1.0
0.57735
0.738271
0.50853
0.328145
0.5856
0.889508
0.670823
0.491374
0.577277
0.901785
0.894427
0.17558
0.545911
0.493602
0.878881
0.16529
1.0
1.0
0.775798
0.861918
0.841953
1.0
0.425973
0.829739
0.951907
1.0
1.0
0.683115
0.942063
1.0
1.0
0.67775
0.189389
0.896516
1.0
0.526854
0.82944
1.0
0.682428
0.946075
0.728199
0.378101
0.592049
0.827689
0.242708
0.918754
0.913236
0.666872
0.63718
0.508607
0.771976
0.813536
0.199627
0.797652
1.0
0.777073
0.999999
0.63345
1.0
0.756879
0.798407
0.83571
0.702499
1.0
1.0
0.401122
0.634327
1.0
1.0
0.798406
0.310118
0.952075
0.57735
0.805965
0.816086
0.816486
0.63419
0.756921
1.0
0.525182
0.859562
0.905624
0.895346
0.513979
0.999817
0.918813
0.992899
0.771876
1.0
0.850983
0.944976
0.65641
0.618209
0.863145
0.594689
1.0
1.0
1.0
0.858983
0.839416
0.325228
0.87076
0.263972
0.999983
1.0
1.0
0.593624
0.707107
1.0
0.0
0.884032
0.499613
0.248144
1.0
0.859749
0.722159
0.732225
0.812895
0.684658
0.666667
0.667214
0.573514
0.728413
0.633138
0.480076
0.84733
1.0
0.903097
0.703795
0.838269
0.666667
0.911961
0.582831
0.775108
0.674298
0.643503
0.504089
0.925151
0.59959
0.0
0.506151
1.0
0.632795
0.704744
0.856332
0.540121
0.494546
1.0
0.974495
0.0
0.367032
0.598204
0.866475
1.0
1.0
0.800741
0.969192
0.405824
1.0
0.774597
0.842332
0.999959
0.631826
0.425823
0.866145
1.0
0.980278
0.669776
0.976169
0.665314
0.224144
0.971448
0.858124
0.854559
0.666293
1.0
0.980907
0.841964
0.488354
0.796886
0.527497
0.632151
0.333333
0.74228
0.707107
0.64016
0.817471
0.297019
0.75054
0.913837
0.953853
1.0
0.603294
0.447215
0.21011
0.948673
0.707113
0.23041
0.479309
0.510219
0.920059
0.660392
0.82964
1.0
0.670809
1.0
1.0
0.948259
0.70051
0.891419
0.666667
0.554282
0.278543
0.680288
0.739366
0.866591
1.0
0.894191
0.603512
0.451447
0.705722
0.838672
0.964341
0.0889054
0.661529
0.952944
0.707712
0.816497
0.755243
0.163685
0.204785
1.0
0.124276
0.8
0.921579
0.724395
0.666667
0.806771
0.85475
0.901161
0.751297
1.0
1.0
0.326214
0.991939
0.463959
0.88398
0.883751
0.576329
0.6014
0.774936
0.632889
0.809232
0.913494
0.999993
0.863456
0.734627
0.537035
0.32072
0.999572
0.5
1.0
0.867839
0.985266
0.576868
0.609156
0.784112
0.666314
0.462926
0.95377
1.0
0.955893
0.875369
1.0
0.727366
0.710558
0.729505
0.484429
0.999917
1.0
0.525937
0.928794
0.944718
1.0
0.648243
0.770916
0.577832
0.647361
0.151747
0.809894
0.458044
0.948051
0.742201
0.816497
0.791797
0.196268
0.893385
0.940346
0.978413
0.566489
0.671071
0.87391
0.910617
0.670854
0.781125
0.0
0.929081
0.540559
0.827048
0.893536
1.0
0.877811
0.726433
1.0
0.755727
0.638174
0.351016
0.434201
1.0
0.0
0.9999
0.78595
0.944226
0.616601
1.0
1.0
0.168302
1.0
0.984334
0.691419
0.578101
0.858704
0.775108
1.0
0.461989
0.556871
0.798407
0.816514
1.0
0.666667
0.75
0.901926
0.749823
0.615066
0.353696
1.0
1.0
0.7509
0.609809
0.667078
0.299556
0.933328
0.287098
0.515469
0.589203
0.536246
0.860219
0.75152
1.0
0.992145
0.75
0.866023
0.678833
0.86641
0.43876
0.541817
1.0
0.800021
0.92604
0.185684
0.507231
1.0
0.891428
0.909762
0.288217
0.733504
1.0
0.878219
0.845883
0.626801
0.409138
1.0
0.777722
0.703046
0.0
0.409438
1.0
0.714798
0.731023
0.57735
0.81981
0.895956
1.0
0.183906
0.580156
0.650705
0.507781
0.888897
0.224243
0.798407
0.945161
0.272658
0.77519
0.723954
0.72529
0.917875
0.75
0.364197
0.994115
0.669799
0.707107
0.948047
0.384821
0.800518
0.989912
0.475594
0.403193
0.602398
0.447214
0.895954
0.508592
0.912266
0.758817
0.531773
0.8936
0.916112
0.774597
0.499997
0.781904
0.634022
1.0
0.551377
0.958883
1.0
0.953011
0.586968
0.627713
0.572351
0.690565
0.902795
0.0
0.728359
0.562135
1.0
0.573273
0.219826
0.937437
0.891605
0.85213
0.774597
0.586848
0.154303
0.992534
0.87438
0.843579
0.720697
0.92199
0.613494
0.895104
0.776818
0.895192
0.95958
1.0
0.844161
0.578595
0.878936
0.67082
0.206456
0.833291
0.59573
0.475464
0.384508
0.214233
0.909166
0.665673
0.527893
0.965233
0.195841
0.502822
0.17335
0.746851
0.907967
1.0
0.787719
0.621737
0.57735
1.0
0.383334
0.309888
1.0
0.655385
0.632685
0.893536
0.892721
0.905184
0.322396
0.929354
0.898275
1.0
0.889669
0.671326
0.725967
1.0
0.75
1.0
0.0
1.0
0.527929
0.794686
1.0
0.516266
1.0
0.935105
0.408248
0.410709
0.526968
0.812219
0.408248
0.90594
0.666304
0.742978
1.0
1.0
0.549075
0.94931
0.886621
0.714458
0.840704
0.731485
0.53952
0.856281
0.408174
1.0
0.707107
0.969714
0.921325
0.666589
0.86602
1.0
0.516351
0.670907
0.453013
0.471069
0.967066
0.475089
0.728359
0.68348
0.473948
0.956767
0.676492
0.497094
0.353553
0.854717
0.961991
1.0
0.869575
0.707107
0.767034
1.0
0.893536
1.0
0.70261
0.901135
1.0
0.798407
0.577533
0.907599
0.952621
0.969714
0.875895
0.296955
0.713963
0.640421
0.791145
1.0
0.849056
0.692987
0.802424
1.0
0.5522
0.95034
0.218797
1.0
0.84032
0.467836
0.999999
0.948051
0.50011
1.0
0.865238
0.865785
0.999987
0.707094
0.863807
0.604521
0.630543
1.0
0.660093
0.0
0.768243
0.894483
0.707107
0.855887
0.722151
0.657431
0.794571
0.93865
0.909472
1.0
0.646683
0.997913
0.316124
0.620144
0.637202
0.958483
0.999999
0.79794
0.666667
0.877337
0.809086
0.828974
0.707043
0.749064
0.879032
0.717284
0.306136
0.789991
1.0
0.580918
0.627603
0.46633
0.500005
0.804347
0.899697
0.290572
0.666705
0.999999
0.5
0.194098
0.566812
0.729431
0.666667
0.481555
0.666236
1.0
0.83741
0.999999
0.489988
0.288675
0.751804
0.707107
0.447834
0.722403
0.805295
0.579213
0.728662
0.937038
0.590136
0.999992
0.893788
0.908771
0.543317
0.37412
0.672466
0.760398
0.981867
1.0
0.631028
0.57333
0.816497
0.497067
0.999994
0.962163
0.40974
1.0
0.579077
0.903868
0.8165
0.681509
0.597379
0.577352
0.811481
0.602349
0.957307
0.943074
0.86999
0.997318
0.666667
0.921997
0.76286
0.627535
0.410615
0.815884
0.816497
0.722663
1.0
0.749961
0.707113
1.0
1.0
0.448146
0.0412241
1.0
0.892103
0.626482
1.0
0.905675
0.749541
0.549009
0.812387
0.469477
0.999993
0.952406
0.815139
0.705806
0.664457
0.77366
1.0
1.0
0.845808
0.0
0.908099
0.450287
0.816497
1.0
0.0
0.435749
0.562527
0.66206
0.357261
0.576405
0.897651
0.758418
1.0
0.999869
0.707107
0.515057
0.516398
1.0
0.937507
0.784447
1.0
0.983304
0.37866
0.865964
1.0
0.817911
0.0
0.816497
1.0
0.776822
0.976134
0.502046
0.706003
0.649635
0.911073
0.713857
0.6573
0.875527
0.939675
0.66871
0.328957
1.0
0.707107
1.0
0.237372
0.801791
0.798281
0.911159
1.0
0.999995
0.605263
0.810898
0.999987
0.856332
0.742299
0.406803
1.0
0.558585
0.76416
1.0
0.0746504
0.707107
0.805982
0.783816
0.720135
0.737417
0.0
0.666667
0.91758
0.365001
0.646987
0.999996
0.706798
1.0
0.610227
0.515392
1.0
0.882811
1.0
1.0
0.744442
0.833349
0.342469
0.212753
0.999997
1.0
0.832134
0.41818
0.559419
1.0
0.838381
0.668075
1.0
0.501239
0.737737
0.902715
0.649106
1.0
0.703958
0.582187
0.965728
0.912886
0.688565
0.75214
0.702726
1.0
0.319964
0.80179
0.872844
0.894427
0.465824
0.893536
0.893536
1.0
0.902385
0.729712
1.0
1.0
0.317011
0.847297
0.816497
0.764037
0.893442
0.624548
0.889971
1.0
0.585232
0.732311
0.271639
0.938646
0.866019
1.0
0.775003
0.0
0.339491
0.57616
0.715095
0.904434
0.46424
0.46511
0.824049
0.632395
0.800296
0.600136
1.0
0.960213
0.734996
0.914227
0.687361
0.48168
1.0
0.388995
0.765173
0.42818
0.365207
0.952979
0.654945
0.515471
0.499847
0.612199
0.67724
0.75383
0.999996
1.0
0.666667
0.893536
0.223612
0.737745
0.842957
0.843478
1.0
0.953484
0.999647
1.0
0.670366
1.0
1.0
0.0796431
0.930839
0.893536
0.254177
0.52728
1.0
0.149389
0.756195
0.732643
0.873342
0.748565
0.670125
0.869263
0.735101
0.951227
0.167804
1.0
0.49429
0.729815
0.707099
0.676968
1.0
0.403277
0.7507
0.796182
0.493833
0.887035
0.417172
0.643735
0.707142
0.999456
1.0
0.275523
0.845888
0.866025
0.816497
0.495918
0.0
0.288671
0.632545
0.816478
0.935973
0.997751
0.903006
0.832225
0.84318
0.53414
0.942593
0.931499
0.572266
0.893536
0.63167
0.484507
0.823229
0.858336
0.531945
0.360818
1.0
0.207642
0.76455
0.816497
0.902959
0.539844
0.354138
0.831502
0.707105
0.772217
0.774469
0.743901
0.999998
0.0
0.631826
0.199273
0.916766
0.298089
0.948051
0.921827
0.94675
0.666346
0.714705
0.750019
0.666667
0.819592
0.750589
0.798087
0.834212
0.650947
0.246872
0.213066
0.795346
0.692404
0.888891
0.911372
0.728359
0.713966
0.638506
0.896228
0.824123
0.696622
0.989944
0.668498
0.92602
1.0
0.946538
0.871583
0.762853
0.613637
0.289866
1.0
1.0
0.693523
0.802445
0.707107
0.666667
0.452201
0.912108
1.0
0.864674
0.453586
1.0
0.404895
0.575861
0.860329
0.794578
0.895904
0.618392
0.319797
0.233161
0.775108
0.0
0.866095
1.0
1.0
0.419956
0.603929
0.707107
0.881917
0.999994
0.829921
0.364421
0.774176
0.794438
0.833331
0.947206
0.754876
0.981055
0.620392
0.832229
1.0
0.919725
0.259225
0.393074
0.377156
0.655478
0.410051
1.0
0.857935
0.832218
0.90344
0.485572
0.888731
0.841351
0.981925
0.313783
0.94707
0.673032
0.504812
1.0
0.536715
0.470118
1.0
0.790151
0.887408
0.820811
0.37881
0.467874
1.0
0.712669
0.999981
0.381521
0.880804
0.666667
0.999996
0.699702
0.880153
0.0
0.460301
0.613755
0.573111
0.78278
0.699046
0.661053
0.381124
0.815262
0.956228
0.772797
0.917099
0.630208
0.728359
0.33982
0.774518
0.895391
0.999999
0.893536
0.611942
0.70462
1.0
0.750879
0.688465
0.856913
0.670748
0.154719
0.672866
0.816486
0.752725
0.832205
0.80944
0.730945
0.616457
0.779025
1.0
0.920157
0.995271
0.771204
0.50853
0.692867
0.948051
0.935289
1.0
0.811323
0.789682
0.666042
0.317791
0.707107
0.136078
0.382205
1.0
1.0
0.798407
0.576672
0.809069
0.81419
0.57735
0.917236
1.0
0.437741
1.0
0.102799
0.866026
0.885603
0.392708
0.775012
1.0
0.669123
0.849523
0.675543
0.958489
0.252817
0.310343
0.686293
0.830342
0.893536
0.666667
0.533384
0.818092
0.364177
1.0
0.836471
1.0
0.893536
0.516077
0.816497
0.948051
1.0
0.47314
0.333333
0.812564
1.0
0.879575
0.904568
1.0
0.442997
0.903099
0.514054
0.516398
0.577257
0.665914
0.578659
0.45342
1.0
0.849155
0.1595
0.965443
0.57735
0.923191
0.0
0.348805
0.999937
0.893536
0.876001
0.707107
1.0
0.785116
1.0
0.0
1.0
0.656923
0.875382
1.0
0.773823
0.67492
1.0
0.75758
0.774597
0.949022
0.947291
1.0
0.685502
1.0
0.780689
0.57735
0.183359
0.999466
0.407569
0.893536
0.893536
0.911252
0.877088
0.84316
0.855257
0.338027
0.930491
0.960612
0.990249
0.620087
0.841968
0.476853
0.383717
0.671264
1.0
1.0
0.688199
1.0
0.950074
0.479495
0.411864
1.0
0.943587
0.910214
0.600893
0.422495
1.0
0.703582
1.0
0.20265
0.704926
0.469923
0.603328
0.552165
0.892232
1.0
0.476682
0.942862
0.144243
0.782781
0.849982
0.910445
0.965044
1.0
0.547643
0.734454
0.771209
0.621137
0.968284
0.577354
0.951438
0.0
0.628658
0.408577
0.816497
0.0
0.841908
0.815143
0.432848
1.0
0.303148
0.753747
0.828437
0.467222
1.0
0.878493
0.540621
0.355689
0.835956
0.489628
0.202613
0.809736
0.159688
0.774557
0.472171
0.841968
0.9
0.997064
0.824007
0.925382
0.416391
0.681804
0.754745
0.575984
0.957056
0.574155
1.0
0.961661
0.190712
0.603243
0.992837
0.5
0.612371
0.198862
1.0
0.566611
0.848222
0.674263
0.674011
1.0
0.944101
0.0
1.0
0.234822
0.801402
0.0
0.57548
0.722998
0.333333
0.380973
0.666667
1.0
0.908918
1.0
0.83361
0.5418
0.68307
0.728359
1.0
0.926964
0.815563
0.678421
0.864004
1.0
0.327795
0.999999
1.0
0.409599
0.90042
0.715848
0.474026
0.784104
0.50853
0.780583
0.390358
0.50025
0.866023
0.330071
0.788774
1.0
0.664032
0.663667
0.865531
0.79366
1.0
0.528418
0.894428
1.0
0.943708
0.0
0.553602
0.666667
0.360544
0.846119
0.80253
0.999999
1.0
1.0
0.0
1.0
1.0
0.6709
0.893258
0.793085
0.549898
0.847118
0.839707
0.709465
1.0
0.687828
0.490604
0.374454
0.333333
0.778098
0.222302
1.0
0.740277
0.632427
1.0
0.775203
0.312343
0.877409
0.901717
0.926157
1.0
0.571553
0.969714
0.893536
0.408248
0.832218
0.893536
0.697096
0.446772
0.65947
1.0
0.0
0.784912
0.5
1.0
1.0
0.866028
0.377926
0.480994
0.606356
0.816893
0.0
0.905856
0.910081
0.711468
0.325196
0.948118
1.0
0.355833
0.704623
0.989238
0.756909
0.999999
1.0
0.620399
0.669122
0.890533
0.534882
0.85329
1.0
0.775812
0.664061
0.739391
0.932429
0.872609
0.57735
0.14156
0.39975
0.800836
1.0
0.5429
0.318118
0.679525
0.904306
1.0
0.597799
1.0
0.91223
1.0
0.713806
1.0
0.597584
0.986133
0.815003
0.747336
0.81717
0.403681
1.0
0.499939
0.999994
1.0
1.0
0.671264
0.466703
0.669273
0.286681
0.870803
0.37889
0.912266
0.519206
0.516788
0.964351
0.288675
0.959676
0.315227
0.847118
0.968389
1.0
0.690425
1.0
0.32423
0.589647
0.378403
0.707107
0.833326
0.927287
0.817573
0.430113
0.473677
0.723597
1.0
0.63841
0.521951
0.502289
0.517394
0.645069
0.83683
1.0
0.87051
0.915075
1.0
0.912264
0.577409
0.752856
0.0
0.212915
0.0
0.317907
0.798405
0.845295
0.795149
0.78169
0.373272
1.0
0.875251
0.816497
0.551212
0.944893
0.999999
0.694061
0.926557
0.99702
1.0
0.999999
0.757181
0.889313
0.714718
0.58212
0.546265
0.45538
0.919905
0.8329
0.280654
0.826512
0.772656
1.0
0.876242
1.0
1.0
0.754726
1.0
0.0
1.0
0.913712
0.57735
0.687881
0.653761
0.683567
0.832877
0.868952
1.0
0.727824
0.0
0.6882
0.435484
0.913684
0.887969
0.893536
0.999999
0.791539
0.661653
0.75224
0.948263
0.0
0.976858
0.533592
0.745444
0.795336
0.506918
0.564559
0.893536
1.0
0.0
0.739834
0.866036
0.910047
0.395335
0.50153
0.58463
1.0
1.0
0.814856
1.0
0.870841
0.690272
0.0
0.53709
0.0362807
0.800002
0.77014
0.199819
0.90344
0.164709
0.608637
1.0
0.80455
0.969714
0.645296
1.0
0.592512
0.853155
0.707105
0.85483
0.853526
0.817434
0.282859
0.775108
0.500659
0.999833
0.996162
0.683338
0.812714
0.996744
0.748245
0.547738
0.69553
0.893536
1.0
0.999929
0.917731
0.377964
0.893536
0.801727
1.0
0.643936
0.850335
0.317484
0.893536
0.865951
0.348432
0.75
0.208422
1.0
0.999999
0.415329
0.849433
0.769845
0.889598
0.664761
0.180574
0.394734
0.816285
0.935014
0.115296
0.906675
0.649852
1.0
0.912266
1.0
0.775668
0.405651
0.8035
0.685037
0.335046
0.909854
0.173973
0.614029
0.794072
0.820018
0.817169
0.25939
0.219526
0.832236
0.208235
0.711805
0.754317
0.587544
0.31735
0.996292
0.279118
1.0
0.724717
0.309753
0.948051
0.611195
0.17718
0.325
0.559617
0.610801
0.803391
1.0
0.893536
0.595415
0.818471
0.779387
0.994548
0.707151
0.650305
0.911288
1.0
0.401945
0.337421
0.362582
0.544486
0.598401
0.816502
0.299037
0.816198
1.0
0.758641
0.614877
0.935526
0.91858
0.646688
0.538557
0.728359
1.0
0.815143
1.0
0.520621
1.0
1.0
0.801402
0.629395
0.472784
0.943636
0.564965
0.950252
0.999991
0.637872
0.707107
0.797279
0.763582
0.312221
0.527641
0.563908
0.670654
1.0
0.378924
0.308444
1.0
0.836928
1.0
0.872091
0.0943299
0.749912
0.189468
0.289079
0.816201
0.971444
0.57735
1.0
0.572883
0.784016
0.755212
0.917799
0.775076
0.367103
0.505426
1.0
0.759543
0.40623
0.93563
0.384366
0.598708
0.72836
0.912848
0.258199
0.707107
0.910716
0.710921
0.94931
0.977926
0.666667
0.381143
0.975637
0.760497
0.783677
0.654024
0.706882
0.369753
0.707107
0.769703
0.611864
0.381615
0.808296
0.956988
0.596199
1.0
0.334167
0.583012
0.706888
0.750512
1.0
0.123931
0.82101
0.598908
0.443054
0.923656
0.516563
0.808814
0.600396
0.791151
0.201593
0.589691
0.785527
0.872836
0.883835
0.886145
0.575316
0.89053
0.894189
0.904732
0.0987676
0.999797
1.0
0.530901
0.967844
0.395635
0.893536
0.509625
0.804469
0.956874
0.686509
1.0
0.579618
0.498379
0.948925
0.447965
0.923444
0.89267
0.836731
0.666667
0.596316
0.798055
0.640292
0.830693
0.523129
0.173897
0.58679
0.547489
1.0
0.975641
0.666667
0.88707
1.0
0.775107
0.75102
0.917414
0.793119
0.670193
1.0
0.623575
0.816497
0.436494
0.968248
0.832229
0.97101
0.75408
0.237646
0.699652
0.600001
0.613398
0.201834
0.942961
0.661421
0.454786
0.417964
0.536105
0.893536
0.798407
1.0
0.839274
0.317508
0.800332
0.913839
0.0
0.626271
0.817032
0.756898
0.831913
0.21844
0.615383
0.715936
0.947589
0.342085
0.721215
0.957727
0.858883
0.632377
1.0
0.816496
1.0
1.0
0.338384
0.5
0.832229
0.447169
0.830925
0.997008
0.770145
0.311858
0.477189
0.570375
0.847118
0.223606
0.721649
0.118798
0.921174
0.73797
0.818795
0.681999
0.712642
0.816531
0.408248
0.849265
0.921617
0.307577
0.795131
0.0385781
0.913596
0.670631
0.882052
0.750001
0.666601
0.472037
0.889464
1.0
0.737428
0.918378
1.0
0.334358
0.476594
0.606483
0.762898
1.0
0.596219
0.807183
0.707107
0.435438
0.87356
0.83515
0.75
0.600396
0.591164
0.617213
1.0
0.723968
0.638828
0.735934
0.999998
0.82012
1.0
0.733036
0.682133
0.363603
0.774597
1.0
0.697254
0.84238
0.948051
0.415478
0.810433
0.273791
0.999988
0.506589
1.0
0.514865
0.639015
0.732423
0.0
0.598587
0.321996
0.860284
1.0
0.724109
0.238736
0.27894
0.912266
0.77021
1.0
1.0
0.862055
0.922422
0.813046
1.0
0.912266
0.770783
1.0
0.487272
0.863887
0.732054
0.750001
0.947285
0.816497
0.866025
0.94365
0.999997
0.416398
0.784405
0.976137
0.704634
0.775721
0.904174
0.895645
1.0
0.778265
0.786596
0.666827
0.902792
0.97435
0.897064
0.54361
0.816491
0.426634
0.22844
0.707107
0.0
0.826229
0.600016
1.0
0.485323
0.999977
1.0
0.360787
0.706494
0.672944
0.499533
0.819437
0.726286
0.223409
0.644055
0.127469
0.207966
0.235679
0.25931
0.365879
0.576564
1.0
1.0
0.317578
0.816497
0.447204
0.29424
0.948051
0.499908
0.381919
0.951263
1.0
0.577347
0.807807
0.468278
1.0
0.816497
0.802093
0.762988
0.562657
0.712965
0.999959
0.932362
0.380044
0.630345
0.304968
1.0
0.991495
0.999328
0.942287
0.546418
0.522055
0.655332
0.554494
0.716045
0.43592
1.0
0.547053
0.474161
0.593231
0.675885
0.921489
0.56747
0.654162
0.597781
0.854622
1.0
1.0
0.624583
0.707107
0.94931
0.925163
1.0
1.0
0.847666
0.893536
0.33108
0.568559
0.315605
0.688736
0.639475
0.836621
0.882727
0.825733
0.903187
0.407662
0.1566
0.639484
1.0
1.0
0.568072
0.259229
0.849683
0.895056
0.545482
0.8
0.860755
0.57926
0.635473
0.990067
0.623143
0.74877
1.0
0.816275
0.509703
0.893828
0.917723
0.673024
0.795289
0.842043
0.2588
1.0
0.340075
0.893536
1.0
0.889279
0.602366
0.893536
0.48166
0.963642
0.796651
0.908102
0.893536
1.0
0.511341
0.915403
0.701893
0.399421
0.47074
0.744722
0.5
0.741821
0.0
0.999977
0.816283
0.862513
1.0
1.0
0.914299
0.850866
1.0
0.395073
0.62958
1.0
0.620172
1.0
0.724433
0.0
0.853079
0.770128
1.0
1.0
1.0
0.622597
0.863019
0.799382
0.933523
0.954516
0.79863
0.587198
0.0
0.850407
0.543448
0.662709
0.920689
0.503678
0.442756
0.407424
0.0
0.751267
0.943633
0.948051
0.076632
1.0
0.866025
0.952946
0.696333
0.90344
0.794317
0.666667
0.941904
0.866007
0.631738
0.671021
0.860769
0.818392
0.238389
0.85778
0.849683
0.5
0.7323
0.470158
0.631747
0.756333
0.894685
0.643329
0.942167
0.802587
0.511154
0.957605
0.0
0.279151
0.802349
0.85932
0.781269
0.820629
0.547723
0.57735
0.719519
0.612286
0.942635
0.779313
0.217543
0.367389
0.817911
0.586963
0.547308
0.691551
0.804791
1.0
1.0
0.962602
0.66866
0.905652
0.662455
0.838527
0.472964
0.619316
1.0
0.751406
0.567445
0.47406
0.63243
1.0
0.754885
1.0
0.157958
0.432409
0.322125
0.940035
0.968093
0.773837
0.704052
0.876597
0.948051
0.980591
0.866409
0.877091
1.0
0.751885
0.565331
1.0
0.791986
0.453041
0.639691
1.0
0.191638
0.696359
0.807256
1.0
0.812122
0.429124
0.28987
0.416073
0.520912
0.88935
0.987976
0.566337
0.828656
0.919884
0.0
0.757693
0.709023
0.707107
0.183933
0.999999
0.893536
0.910931
0.570688
0.723596
0.599148
0.895369
0.715021
0.77013
0.482063
0.357406
0.814262
0.826184
0.682955
1.0
0.283603
0.639509
0.798058
0.305494
1.0
0.94931
0.196336
0.890101
0.616458
0.745103
0.745321
0.911618
0.248338
0.712618
0.75
0.681677
0.783915
0.893536
1.0
0.909537
1.0
0.219109
0.698048
1.0
0.559279
0.79898
0.62687
0.812212
1.0
0.670765
0.829936
0.139653
0.750575
0.77277
0.460707
0.903071
0.673006
0.94229
0.74906
0.772794
0.746657
0.783477
0.868545
0.224495
0.733405
0.660938
0.876519
0.905946
0.586238
0.867111
0.999999
0.903102
0.637966
0.774597
0.833953
0.707107
1.0
0.359613
1.0
0.816497
0.771558
0.667757
0.246354
0.297083
1.0
1.0
0.772774
1.0
0.375476
1.0
1.0
1.0
0.823808
0.28915
0.547171
1.0
0.670892
0.667467
0.127407
0.665264
0.898802
0.994974
1.0
0.684887
0.508727
0.777604
0.472964
0.817136
0.579616
0.705605
0.780225
0.843453
0.947951
0.0
0.824987
0.441841
0.368001
0.665581
0.943336
0.593658
0.234739
0.408248
0.948051
0.636141
0.898798
0.671849
0.465236
0.944123
0.94931
0.284388
0.353663
0.667921
1.0
0.735574
0.816498
0.763553
0.912199
0.583212
0.770296
0.880497
0.759104
0.829423
0.864829
0.919339
0.818315
0.827527
1.0
0.712141
1.0
0.70782
0.903176
0.90344
0.963314
0.866025
0.302287
0.754318
0.589487
0.615793
0.612371
0.0
0.949805
1.0
0.903198
0.600104
0.707105
0.0
0.815143
0.174341
0.289175
0.78291
0.783556
0.811605
0.999999
0.65417
0.893087
0.861688
0.163361
0.666356
0.603259
0.0882231
0.695388
0.516106
0.945047
0.729932
0.815143
0.373779
1.0
1.0
0.230859
0.499313
0.893537
0.776911
0.694058
1.0
0.753378
1.0
0.866026
0.904533
1.0
1.0
0.613934
0.400768
0.776863
1.0
0.987132
0.818834
0.883555
0.866025
0.884645
0.613998
0.542547
0.841206
1.0
0.86684
0.500794
1.0
1.0
1.0
0.618774
0.707107
0.504387
0.858594
0.47927
0.566961
0.893536
0.568813
0.790542
0.646139
0.876385
0.580083
0.948051
1.0
0.866025
0.884632
0.82941
0.0
0.698431
0.237483
0.949382
0.423958
0.869027
0.999999
0.948008
0.40189
1.0
1.0
0.790957
1.0
1.0
0.675608
0.869305
0.874378
0.866774
0.887215
0.57865
0.442736
0.499479
0.56905
0.868031
0.879839
0.70358
0.5671
0.651076
0.814504
0.917838
0.707107
1.0
0.893465
1.0
0.823573
0.519379
1.0
0.898802
1.0
0.619491
0.893536
0.704979
0.631826
0.281034
0.473815
1.0
0.5
0.324803
0.68705
0.911653
0.795717
0.143248
1.0
0.57686
0.816497
0.20234
0.815143
0.534475
0.692577
0.999999
0.616748
0.668428
0.699735
0.575691
0.893536
0.799139
0.774981
0.473442
0.707107
0.0
0.706907
0.577347
0.821055
0.81717
0.622249
0.111198
1.0
0.95286
0.894103
0.999992
0.908988
1.0
0.925382
0.892318
0.889063
0.999995
0.902419
0.576393
0.923352
0.258195
0.994607
0.816497
1.0
0.97372
1.0
0.943022
0.450334
1.0
1.0
0.854421
0.143863
0.730898
0.194917
0.778683
0.879275
0.901504
0.955563
0.507125
0.643331
0.707107
0.652162
0.632936
0.893536
0.64105
1.0
0.878207
0.470623
0.88212
0.653981
0.324856
0.249087
0.671032
0.87986
0.374696
1.0
0.57735
0.881927
0.670601
1.0
0.51585
1.0
0.692683
0.843637
0.609371
0.999999
0.908093
0.66957
0.814976
0.391709
0.521084
1.0
0.183933
0.873035
0.94042
0.99999
0.120445
0.893536
1.0
0.657475
0.893536
1.0
0.0
0.669703
0.907927
0.871861
0.0
0.418859
0.999991
1.0
0.774597
0.809282
0.956869
1.0
0.845154
0.804094
0.999992
1.0
0.453664
1.0
0.853543
0.176107
0.408248
0.472511
0.0818037
0.629267
0.576393
0.796754
0.477699
0.310615
0.746017
0.532354
0.666667
0.949799
0.666667
0.812445
0.568188
0.815424
0.918572
1.0
0.546114
0.92184
0.692342
0.44356
0.943404
0.755034
0.785064
1.0
0.730297
0.893536
0.924383
0.98995
0.889892
0.94931
0.891159
0.97881
1.0
0.999986
0.863495
0.862458
0.783211
0.673767
0.479924
0.747188
0.520759
0.323009
0.623836
0.908102
0.999996
0.893536
0.867439
0.829419
0.797997
0.57735
0.474782
0.539682
0.83774
0.960883
0.498022
0.815143
0.255915
0.652399
0.775513
0.813943
0.7775
1.0
0.499824
0.728436
0.706936
0.75
0.86713
0.600002
0.409045
0.635618
0.47072
0.907774
0.587486
1.0
0.770043
0.805764
0.542466
1.0
1.0
0.912266
0.999999
0.707107
1.0
0.806261
0.707105
0.219476
0.949369
0.886323
1.0
0.666688
0.879438
1.0
0.824021
0.749904
0.0
0.820871
0.41371
0.923686
0.952869
0.502401
0.842331
0.0613943
0.668963
0.670729
0.531733
0.953094
0.735398
1.0
0.860167
0.894427
0.509235
1.0
0.940792
0.980731
0.713248
0.902311
0.870868
0.998841
0.676398
1.0
0.950505
0.682194
0.932646
0.996049
0.948774
0.885277
0.770102
0.903748
1.0
0.866025
0.912683
1.0
0.681654
0.337375
0.602406
0.779888
0.846598
0.248645
0.915489
0.470775
0.72454
1.0
0.179088
1.0
0.816434
0.948477
0.39062
0.781868
0.837769
0.6328
0.948049
0.883499
0.739763
0.397584
0.866022
0.378768
0.707107
1.0
0.21197
0.666667
0.770129
0.864083
0.654595
0.828047
0.916676
0.97912
0.818053
0.94931
0.945654
0.577269
1.0
0.76687
0.707107
0.365786
0.357261
1.0
0.32186
0.815143
0.0
0.870642
0.726813
0.999998
0.575865
0.633455
0.731019
0.971403
0.953762
0.2684
0.768116
0.921362
0.801362
0.857767
0.799205
0.696969
0.879977
0.844025
0.356791
0.998146
0.868945
0.682893
0.887753
0.666667
0.832239
0.904864
0.816497
0.856162
0.644124
0.946474
0.353553
1.0
0.0
0.713744
0.320331
0.644107
0.68823
0.704409
0.760864
0.617317
0.770686
0.820494
1.0
0.200789
0.990264
0.630371
0.870291
0.842728
0.999999
0.0937998
0.870063
0.752083
0.778552
0.666667
0.620208
0.995012
1.0
0.707107
0.75
0.644677
0.816497
0.531593
0.677497
1.0
0.368178
0.595359
1.0
0.905587
1.0
0.259223
0.159975
0.831924
1.0
0.862693
1.0
0.943284
0.669796
0.956775
0.934837
0.896071
1.0
0.866998
0.347672
0.0
0.822119
0.720745
0.372891
1.0
0.816497
0.378591
0.666667
1.0
1.0
0.707105
0.471592
1.0
0.18228
1.0
0.648031
0.900813
0.409279
0.707107
0.952665
0.56045
0.78682
1.0
0.913829
0.707107
0.801698
1.0
0.688683
0.866029
1.0
0.927336
0.808385
0.874293
0.803952
0.769374
0.659171
0.666667
1.0
0.516609
0.0886832
0.613864
0.777541
1.0
0.946327
0.917957
0.316261
0.566943
1.0
0.735664
1.0
0.743156
1.0
0.802356
1.0
0.39615
0.0
0.666692
0.825693
0.874931
0.816497
0.0
0.752553
0.800167
1.0
0.545518
0.868048
0.941324
0.303567
0.815143
0.912266
0.900061
0.943531
0.324814
1.0
0.816441
0.432392
0.509395
0.775336
0.705031
0.942013
0.724267
1.0
0.666668
0.637288
0.649623
0.899904
0.451042
1.0
0.912871
0.816497
0.121467
0.531957
1.0
0.940346
0.57735
1.0
0.856624
0.254415
0.87567
1.0
0.470623
1.0
0.665316
1.0
0.837638
0.815547
0.781676
0.894932
0.0
0.77032
0.324071
0.776219
0.713007
1.0
1.0
0.706488
0.388433
0.819507
0.580414
0.952438
0.978874
0.0787558
0.937012
0.680524
0.63914
0.8659
0.332712
0.936229
0.359987
0.613589
0.669069
0.707107
1.0
0.830353
0.317484
1.0
0.999998
0.600743
0.894433
0.887115
0.799965
0.370377
0.85933
1.0
0.403954
1.0
0.6168
0.741011
0.216697
0.728359
0.0
0.916478
0.611609
0.860194
1.0
0.446768
0.349953
0.999313
0.999997
0.999999
0.833107
0.866023
0.787826
1.0
0.933248
0.730407
0.797777
1.0
0.800783
0.467645
0.653661
1.0
1.0
0.999999
0.457521
0.774217
0.947784
0.976058
0.815695
0.666644
0.946709
0.893439
0.66725
0.588894
1.0
0.909207
1.0
0.918787
0.624966
0.832229
0.369479
0.999778
0.743706
0.922648
1.0
0.904076
0.844391
0.707028
1.0
0.669942
0.588528
0.519583
1.0
0.677743
0.587662
0.217976
0.920551
0.824986
0.730132
0.547742
0.943582
0.402623
0.44054
0.551948
0.825901
0.860203
0.652805
0.912564
0.756366
0.894523
0.63933
0.704591
0.860657
0.746631
0.922324
1.0
0.893535
0.676811
0.929751
0.743915
0.780377
0.865045
0.693951
0.94162
0.633753
0.731648
1.0
0.822122
0.612151
1.0
0.735264
0.193958
0.796364
0.903097
0.90225
0.897365
0.498673
0.948179
1.0
0.854543
1.0
0.927355
0.83127
0.746945
0.241818
0.856394
0.660133
1.0
0.834312
0.939762
0.789635
1.0
1.0
0.999997
0.75
0.353616
0.832826
0.855474
0.92538
1.0
0.582335
1.0
0.763937
0.050067
1.0
1.0
0.805003
0.864618
0.429572
0.408248
0.905278
0.707107
0.448991
0.462144
0.831246
1.0
0.595581
0.245638
1.0
0.0
0.75
1.0
0.949465
0.80808
0.234432
0.673795
0.668292
0.67816
0.299937
0.818643
0.706227
0.952609
0.515866
0.866028
0.800532
0.925382
0.847328
0.999981
0.929034
0.866025
0.448746
1.0
0.515883
0.798407
0.832228
1.0
0.873312
1.0
0.497802
0.357845
1.0
0.969714
0.830849
0.666667
0.81717
0.749377
0.672092
0.693375
1.0
0.0
0.951202
0.988168
0.852079
0.637324
0.75
0.655
0.769782
0.707107
0.297914
0.180013
0.898802
0.84017
0.597614
0.674153
0.807442
0.272312
0.999998
0.403242
1.0
0.747441
0.0
0.665327
0.611674
0.924247
0.937019
0.776094
0.859193
1.0
0.273361
0.217591
1.0
1.0
1.0
0.75624
0.893536
0.5
0.691519
0.41469
0.23497
0.816196
0.765443
1.0
1.0
0.539843
0.960796
0.278746
0.893536
0.607309
0.707107
0.795575
0.755702
0.975406
1.0
0.813184
0.733282
0.911911
0.573425
1.0
0.990481
0.864586
0.0848521
0.617262
0.580836
1.0
0.41692
0.391544
0.877048
0.653783
0.707107
0.320329
0.802767
0.605295
0.818012
1.0
0.925164
0.816497
0.576514
0.94343
0.681629
0.886328
0.753239
0.793364
0.893536
0.798407
0.816497
0.0
0.942472
0.893536
1.0
0.996992
0.970872
0.857549
0.948051
0.53262
1.0
0.816497
1.0
0.618432
0.729496
0.989677
0.947485
0.674002
0.918958
0.947722
0.816497
0.370763
0.670864
1.0
0.999982
0.89806
0.900737
0.893981
1.0
0.618046
0.881363
0.894427
0.659419
0.919645
0.930187
0.707107
0.819895
0.933355
0.839652
0.800082
0.57735
0.798295
0.46159
0.604203
0.501819
0.771361
0.792292
0.728359
0.471392
0.565303
0.923213
0.643783
0.912266
0.989947
0.866641
0.893536
0.66445
0.817196
0.774937
0.144156
0.92415
0.782856
0.893536
0.614143
0.289312
0.918042
0.657351
1.0
1.0
0.93821
1.0
0.786891
0.798407
0.981528
0.686516
1.0
0.754047
0.862264
0.685252
0.908102
0.730859
0.80377
0.910406
0.270398
0.817561
0.899975
0.830654
0.67082
0.336269
0.355404
0.5
1.0
0.366356
0.516399
0.409208
0.436158
0.836894
0.583377
0.331405
0.844194
0.666667
1.0
0.903894
0.898802
0.844194
0.572454
0.874648
0.596096
0.73689
0.852938
0.270107
0.632024
0.461283
0.639287
0.581241
0.666474
0.912245
0.343444
0.987209
1.0
0.353553
0.77013
0.866032
0.606237
0.92805
0.762291
0.969714
0.130041
0.898802
0.644503
0.670842
0.0
0.28067
0.904355
0.626106
0.439871
0.405587
0.0
1.0
0.596145
0.982135
0.516398
1.0
0.476376
0.847178
0.816497
1.0
0.513189
0.477691
1.0
0.9961
0.260563
0.474782
0.546023
0.47439
0.599484
0.789625
0.373942
0.572996
0.368892
0.805201
0.664431
0.885229
0.997653
0.752953
0.385418
0.707984
0.360368
0.663503
0.943899
0.83214
0.867562
0.149245
0.869924
0.868909
0.74317
0.847118
0.873538
0.68939
0.766255
0.693021
1.0
0.706888
0.208477
0.731732
0.866568
1.0
0.707107
0.581697
0.826357
1.0
0.773628
0.842874
0.612371
0.480379
0.991796
0.437673
0.66925
0.666667
0.73774
0.750081
0.292021
0.795554
0.0
1.0
0.215894
0.668627
0.875935
0.872711
0.720874
0.380963
0.866025
0.802431
0.602782
1.0
0.5
0.748526
0.781407
0.848128
0.0
0.998848
0.608354
0.922817
0.945858
0.354614
1.0
0.577344
0.54619
0.662389
0.875294
0.353553
0.879481
0.943587
0.751835
0.802625
1.0
1.0
0.84658
0.332558
0.587903
0.886475
0.707107
0.447215
0.666422
0.866619
0.833368
0.841008
0.984153
0.835907
0.201594
0.340158
0.832192
0.866025
0.999999
1.0
0.707105
0.969714
0.834201
0.718371
0.999996
0.671979
0.195896
0.912198
0.851135
0.770531
0.802356
0.770128
0.233275
0.954628
0.550943
0.979557
0.83847
0.816432
0.107338
0.219319
0.780239
1.0
1.0
0.772111
0.948993
0.638944
0.552593
0.926403
1.0
0.781925
0.519017
0.612388
0.255708
0.593999
0.69106
0.290045
1.0
0.0636512
0.825252
0.886749
1.0
0.526791
0.800552
0.611382
0.616497
0.916898
0.999998
0.68343
0.799422
0.843042
0.898711
0.739836
0.670936
0.758248
0.872008
0.468538
0.0928678
0.671361
0.993171
0.59434
1.0
0.918573
0.869465
0.743298
0.632811
0.253482
0.870861
0.950274
0.637827
0.749994
0.775167
0.824303
0.885539
0.0
0.74798
0.745944
0.576393
0.922368
0.88856
0.904106
0.833558
0.569956
0.38779
0.68428
0.821398
0.774911
0.506796
0.770281
0.322998
0.956182
0.226266
0.612339
0.797658
0.999998
1.0
0.952532
1.0
0.408246
0.94931
0.529887
0.783095
1.0
1.0
0.629454
0.468798
0.464245
0.754219
0.694573
0.670839
0.876364
0.974558
0.499315
0.623344
1.0
0.964435
0.19896
0.886595
0.216853
0.393461
0.816497
0.744874
0.720863
0.968996
0.919347
0.666667
0.46269
0.737092
0.448184
0.9446
0.852251
0.973221
1.0
0.0
0.633966
0.333329
0.750672
0.825294
0.844333
0.654667
0.286621
0.809925
0.769092
0.86438
0.866023
0.707018
0.822165
0.408247
1.0
0.769234
0.92531
0.642177
0.414676
0.323871
0.487321
0.269126
0.43677
0.708039
0.586665
0.45009
0.399204
0.5
0.584668
0.669884
1.0
0.618457
0.739107
0.816497
0.934047
0.877268
0.44299
0.60995
1.0
1.0
0.774528
0.247245
0.752082
1.0
1.0
0.408246
0.462982
0.652487
0.881979
0.668839
0.167808
0.844195
0.598991
0.541522
0.866025
0.775108
0.315797
0.872873
0.842127
0.707107
0.417539
0.599162
0.837937
0.816497
0.57735
1.0
0.790057
0.408248
0.683777
0.333333
0.347994
1.0
1.0
0.936792
0.338045
0.308444
0.98995
0.857787
0.549175
0.48198
0.874339
0.918443
0.660456
1.0
0.591567
0.99999
0.676211
0.911703
0.767814
0.0
1.0
0.725671
1.0
0.424858
0.490117
0.0
1.0
0.611349
0.890299
0.960786
0.912161
0.288809
0.645117
1.0
0.98995
0.537991
0.577407
0.455943
0.666298
0.495879
0.655896
0.710054
0.950917
0.816034
0.302781
0.193702
0.694657
0.696619
1.0
0.830022
1.0
0.861511
0.0
0.0
1.0
1.0
0.880058
0.79457
0.822979
0.666667
0.595369
0.888059
0.87314
0.965563
0.674239
0.0
0.749359
0.648282
0.323998
0.915575
0.856262
1.0
0.237455
0.539873
0.669542
1.0
0.531785
0.658996
0.426207
0.783454
0.745571
0.469996
0.857701
0.769797
0.775108
0.903816
0.816497
0.911917
1.0
1.0
1.0
0.832229
0.767784
0.473661
1.0
1.0
0.940346
0.918714
0.947986
0.347114
0.783025
0.875524
1.0
0.604795
0.912271
0.936258
0.462888
0.893625
0.952564
0.965029
0.0
0.707105
0.746997
0.225813
0.514864
0.797627
0.887919
0.798147
0.948053
0.668707
0.970014
0.73104
0.245637
0.503025
0.847221
0.758826
0.750011
0.408633
0.616781
0.7998
0.0992937
0.414049
0.80021
0.208996
0.952985
0.853479
0.335014
0.816561
0.666667
0.341726
0.783201
0.697094
0.898802
0.707139
0.424142
0.484129
0.79414
0.941464
0.448991
1.0
0.571519
0.603187
0.911991
0.361444
1.0
0.750023
0.815143
0.664738
1.0
0.426539
0.543033
0.53748
0.999992
0.56386
0.999999
0.670684
0.784082
0.472745
1.0
0.293022
0.77639
0.849108
0.408248
0.910761
1.0
0.873465
0.866025
0.999991
0.61425
0.949327
1.0
0.628086
0.482516
0.893536
0.943587
1.0
0.968873
0.843747
0.69766
0.869421
0.815786
0.447214
0.614078
0.948698
0.748235
1.0
0.956145
0.625969
0.666105
0.816598
0.773327
0.767713
0.782621
0.843829
0.912266
0.814063
0.768949
0.666667
0.889914
0.816497
0.847217
0.44722
0.989603
1.0
0.577562
0.582187
0.448991
0.793391
0.670987
0.565478
0.0
0.98995
0.843709
1.0
0.751234
0.848608
0.872612
0.587214
1.0
0.74265
0.351089
0.332338
0.5
0.193008
1.0
0.780493
0.875227
0.723373
0.0
0.749763
0.671067
0.290891
0.816497
1.0
0.523723
0.756195
0.788903
0.972375
0.69105
0.701285
0.939438
0.577651
0.776488
0.475457
0.745686
0.893536
0.930102
0.999988
0.57743
0.890994
0.5
0.889146
0.631216
0.816497
1.0
0.815307
0.587655
0.903098
0.454301
0.927229
0.645321
0.665407
0.446766
0.774557
0.775139
0.655386
0.109479
0.865851
0.507757
1.0
0.543155
0.901675
0.988405
0.281771
1.0
0.697757
0.932987
0.989866
0.758384
0.979835
0.801022
0.683468
0.857945
0.781987
0.798493
0.823295
0.998636
0.808556
0.573965
0.389342
0.557648
0.823589
1.0
0.685205
0.848836
0.368482
0.690755
0.798282
0.516415
0.637681
0.667029
0.403381
0.864538
0.568412
1.0
0.90135
0.499466
0.926919
0.848717
0.676853
0.508702
0.0
0.591538
0.842142
0.550625
0.969714
0.643321
0.857143
0.747469
0.768815
0.912265
0.860621
0.688355
0.871161
0.0
0.707107
0.860118
0.279644
0.270848
0.450033
0.381225
0.893536
0.728744
0.700409
0.5
0.717414
1.0
0.585896
0.752125
0.570051
0.838601
0.610659
0.960353
0.614252
1.0
0.57735
0.762838
0.816497
0.409451
0.513978
0.763624
0.90085
0.858906
0.843395
1.0
0.422968
0.631826
0.498674
0.846316
1.0
0.707107
0.821624
0.462262
0.750645
0.747798
0.912266
0.552855
1.0
0.319358
0.687515
0.250416
0.402103
0.963349
0.728495
0.251523
0.817197
0.970501
0.371125
0.543448
0.764851
1.0
0.893536
0.720135
0.80001
0.832223
0.621145
0.435327
0.261191
1.0
0.886162
0.658137
0.448105
1.0
0.245201
0.667912
0.98972
0.42798
0.956758
1.0
0.894781
1.0
0.545156
0.81658
0.832162
0.785847
0.79035
0.649019
0.745991
0.515871
0.741238
0.767711
0.907943
0.521093
0.638137
0.936051
0.946762
0.865386
0.745296
0.830636
1.0
0.728359
0.861942
1.0
1.0
0.694659
1.0
0.905099
0.928358
1.0
0.723302
0.808363
0.385914
0.0579196
0.85314
0.756089
0.844493
1.0
1.0
0.866739
0.999999
1.0
0.866025
0.461575
0.155047
0.725258
0.452479
0.469385
0.666667
0.898911
0.526854
0.641218
0.0
0.708416
0.868982
0.958919
0.493747
0.934748
1.0
0.574016
0.733526
0.826789
0.680264
0.577381
0.707107
0.447214
1.0
0.671822
0.668301
0.771966
0.893536
0.576712
1.0
1.0
0.699029
0.774615
0.861602
0.720639
0.859962
0.858279
0.734169
1.0
0.0
0.607242
0.917591
0.78337
0.356039
0.0
1.0
0.528342
0.639789
1.0
0.932566
0.809392
0.0
0.815143
0.625767
0.730305
0.622999
0.609892
0.850648
0.25
0.594994
0.135714
0.816298
0.478127
0.857027
0.707107
0.896787
0.811925
0.724091
0.948016
0.0
0.666667
0.85302
1.0
0.838206
1.0
0.694377
0.816497
0.816497
0.910125
0.978784
0.653241
0.960304
0.775108
1.0
0.364645
0.474409
0.726446
0.542898
0.707309
0.944851
0.465297
0.896368
1.0
0.320713
0.408253
0.397852
0.576256
0.833337
0.279909
0.910646
0.70684
0.706463
0.84151
0.962165
0.589572
0.516399
0.66795
0.764882
1.0
0.853984
1.0
0.444539
0.555576
0.896091
0.764013
0.871671
0.365032
0.391167
0.681103
0.814697
0.69734
0.814302
0.57735
0.909246
0.814234
0.457729
1.0
0.768736
0.874324
0.550508
0.75599
0.820726
1.0
0.147995
0.776922
0.864684
1.0
0.75
0.666667
0.481513
0.549641
1.0
1.0
0.934941
0.999999
0.632359
0.0614182
0.434309
0.863735
0.346283
0.707123
1.0
0.884146
0.577601
0.893536
0.632456
0.892862
1.0
0.400417
0.779627
0.894363
0.699396
1.0
0.663406
1.0
0.358842
0.922134
0.741524
0.0
0.837331
0.408264
0.899117
1.0
0.44426
0.199578
0.546778
0.980853
0.863208
1.0
0.853949
0.57735
0.756705
0.912266
0.948049
0.828862
0.844194
0.618772
0.748084
0.846116
0.949262
0.842701
0.674396
0.882385
0.955597
1.0
0.667158
1.0
0.815143
0.0
0.363841
0.800765
0.8
1.0
0.916293
0.419983
0.951898
0.706977
0.667395
0.879286
0.942547
0.973626
0.127696
0.861734
1.0
0.668922
0.959386
0.975298
0.99999
0.259225
0.866025
0.706852
0.815143
0.773058
0.57735
0.380786
0.591502
0.408248
0.770263
0.898802
0.896459
0.977655
0.681708
0.707107
0.608033
0.807413
1.0
0.735546
0.945712
0.0
0.591418
0.884567
0.855946
0.673734
0.828048
0.666667
0.242501
0.32699
0.638462
0.452225
1.0
0.824326
1.0
1.0
0.865714
0.865995
0.893536
0.357221
1.0
0.980457
0.86601
0.999999
0.952944
0.83025
0.436038
0.448992
0.940708
0.730123
0.750167
0.901623
0.890121
0.145899
0.816497
0.876503
0.408
0.999999
0.7976
1.0
0.671196
1.0
0.465364
0.748746
0.733529
1.0
0.948051
1.0
0.670107
0.749966
0.973396
0.927316
0.757369
0.344649
0.74867
0.667873
0.548881
0.750042
0.200559
1.0
0.890808
0.85191
1.0
0.999965
0.850695
0.529614
0.759217
1.0
1.0
0.575355
0.909432
0.816497
0.871571
0.674059
0.786927
0.0
0.570449
0.874316
1.0
0.631067
0.881853
0.775344
0.989948
0.707107
0.57735
0.666227
1.0
0.470492
0.827586
0.83996
0.657381
0.906942
1.0
1.0
1.0
1.0
0.753015
0.323016
0.409599
0.865885
0.612259
0.0
1.0
0.808856
0.800578
0.352977
0.918888
1.0
0.823597
0.716303
0.638716
0.705868
1.0
0.707107
0.938141
0.94931
1.0
0.962467
0.799047
0.674595
0.447035
0.617525
0.778853
1.0
0.606454
0.814647
0.684715
1.0
0.0
0.666667
0.911955
0.664976
0.925491
1.0
0.941647
0.865054
1.0
1.0
1.0
0.785923
0.945711
0.844806
0.372916
0.942371
0.660706
0.772797
0.95923
0.816497
0.666667
0.903097
0.800875
0.957015
0.81213
0.878721
0.320347
0.425198
1.0
0.773688
0.517037
0.804335
0.723114
0.820868
0.677508
0.673656
0.798407
0.410486
0.943587
0.743805
1.0
0.705098
0.774481
0.844006
0.842843
0.972901
0.819557
1.0
0.977775
0.720081
0.546122
0.718495
0.948051
0.921572
1.0
1.0
0.0
0.893536
0.664176
0.911288
0.863226
0.889651
1.0
0.706201
1.0
0.651973
0.239446
0.355312
0.870233
0.66138
0.809289
0.666667
0.403188
0.888498
0.53998
0.437712
0.0
0.99999
0.666707
0.230858
0.605439
0.792005
0.743658
0.984759
0.803874
0.999988
0.666667
0.63824
1.0
0.896721
1.0
0.893536
0.469666
0.997037
0.941517
0.466562
1.0
0.563741
0.515926
0.728282
1.0
1.0
0.744314
0.409599
1.0
0.121048
0.410291
0.406364
0.718776
1.0
0.832229
0.821117
0.640779
0.643022
0.536881
0.875539
0.996772
0.96502
0.612753
0.661565
0.774874
0.864723
0.663305
0.654254
0.629528
0.57735
0.906708
0.765951
0.927891
0.865052
0.738192
0.999999
0.715686
0.745176
0.999999
1.0
1.0
0.6208
0.816497
0.673253
0.832271
0.815143
0.707107
0.884125
0.615045
1.0
0.755974
0.797464
0.907308
0.574683
0.590151
0.583258
0.794724
1.0
0.453919
0.614879
0.806127
0.175738
0.94931
0.943367
0.82159
0.189657
0.834606
0.957619
1.0
0.986542
0.835437
0.920852
0.873507
0.613304
0.997148
0.626316
0.891089
0.497522
0.73293
0.517033
1.0
0.651965
0.890497
1.0
1.0
0.578409
0.163378
0.873179
0.562873
0.0
0.968065
0.798407
0.929317
0.805905
0.647226
0.94804
0.756512
0.904174
0.775107
0.934114
0.844947
0.0
0.417949
0.813294
1.0
0.941341
0.81905
0.81317
0.848041
0.847118
0.713238
0.707107
0.912266
1.0
0.980278
0.691702
0.999991
0.798407
0.912866
0.847381
0.79232
0.573013
0.816446
0.726109
0.443638
0.779039
0.919309
0.775106
1.0
1.0
1.0
0.334328
0.651637
0.907445
0.790976
0.540852
0.501545
0.897278
0.735649
0.772118
0.669008
0.796945
0.79206
0.836377
0.382008
0.464527
0.668476
0.815035
0.891974
0.966048
0.925365
0.893536
0.0996931
0.409331
0.659654
0.535083
0.871358
0.675255
1.0
1.0
0.517705
0.749731
1.0
0.852037
1.0
0.999983
0.851645
0.537137
0.432896
0.761272
0.898802
1.0
0.698583
0.800981
0.893536
0.903273
0.204798
0.890534
0.94732
0.870772
0.705471
0.749377
1.0
0.897703
0.603849
1.0
1.0
0.872549
0.967204
0.815143
0.999992
0.785993
0.919692
0.861887
0.265841
0.5407
0.67082
0.89531
1.0
0.908546
0.818817
1.0
0.668983
0.855481
0.899947
0.660228
0.666667
0.603942
0.812563
0.776693
0.572865
0.677829
0.898569
0.947052
0.507972
0.590844
0.27185
0.903927
0.324442
0.615618
0.938631
0.754469
0.0766673
0.756118
1.0
1.0
0.815143
0.349924
0.437049
0.228338
0.636857
0.0
0.862497
0.607778
0.632417
0.408613
0.639265
0.89607
0.569295
0.950068
0.75
0.893536
0.856403
0.893465
0.781975
0.909228
0.898802
0.832229
0.779534
0.999999
0.816497
0.879028
0.986171
0.48922
1.0
0.653531
0.748691
0.822163
0.880454
0.670402
0.72813
0.793977
0.320478
1.0
0.866003
0.134237
0.840616
0.902483
0.83211
0.5
1.0
0.905927
0.912214
0.763756
0.903608
0.903904
0.745261
0.999998
1.0
0.706721
0.830043
0.54649
0.78031
0.914124
0.939063
1.0
0.84132
0.700571
0.523705
0.801117
1.0
0.666147
0.576864
0.866019
0.873534
0.699526
0.577856
0.598289
0.472974
0.367945
0.991538
0.774774
0.902503
1.0
0.521463
1.0
0.898579
0.157832
0.857166
0.792064
0.986168
0.725564
0.749932
0.647339
0.731626
0.943587
0.81658
0.831505
0.470708
0.881825
0.671092
0.501911
0.743821
0.734016
1.0
0.666882
0.791622
0.813515
0.815171
0.868072
0.775411
0.994632
1.0
0.553676
1.0
0.36487
0.786083
0.903097
1.0
0.866739
0.709801
0.940329
0.834388
0.607815
0.754202
0.709161
0.68271
0.653932
0.593917
0.488611
1.0
0.84474
0.921854
0.666958
1.0
0.464569
0.867609
0.399555
1.0
0.951066
0.380256
0.707107
0.800537
0.827827
1.0
0.861293
0.486323
0.346918
0.670555
0.796637
0.999985
0.998449
1.0
0.54817
1.0
1.0
1.0
0.325116
0.883549
0.766294
0.362038
0.738122
0.853276
0.801323
0.999994
0.323837
0.448991
0.999998
0.501162
0.707887
0.389726
0.664461
0.954537
0.704644
0.903097
0.834297
0.762082
0.778566
0.734759
1.0
1.0
0.738243
0.771343
0.75
0.707107
0.774597
0.500363
0.880021
1.0
0.67594
0.893536
0.894427
0.780894
0.485179
0.758842
0.736786
0.775153
0.647228
0.753615
1.0
0.816506
0.430829
0.580738
0.577361
0.310645
0.862773
0.903864
0.119226
1.0
0.951993
0.583305
1.0
0.793661
1.0
0.910469
0.407248
0.829737
0.705811
0.378747
0.890651
0.236512
0.664229
0.947357
0.756671
0.866026
1.0
1.0
0.874971
0.465097
0.634266
1.0
0.595904
0.990107
0.752977
0.710664
0.886872
1.0
0.780516
0.945075
0.164072
0.735841
0.527147
0.700395
1.0
0.333333
1.0
1.0
0.896216
0.909276
0.940139
0.943588
0.775858
1.0
0.864586
0.774427
0.680253
0.704362
0.916634
0.789947
0.921196
0.705933
0.57458
0.610063
0.809792
0.707107
1.0
0.875988
1.0
0.711183
0.333175
0.956993
0.802179
0.638641
0.977904
0.90344
0.907317
0.75
0.749403
0.846085
1.0
0.945311
0.881927
0.90311
0.822374
0.28865
0.864644
0.836159
0.72281
0.999964
1.0
0.855004
0.559361
0.944875
0.437767
1.0
1.0
0.992989
0.774762
0.297073
0.865766
0.865763
0.910081
0.534705
0.335497
0.887898
0.400583
0.781761
0.54582
0.118474
0.514613
0.947347
0.947423
0.90344
0.93055
0.600232
0.864339
0.876703
0.612303
0.816231
0.547727
0.884529
0.534287
1.0
0.8351
0.790553
0.675158
0.369445
1.0
0.172705
0.866739
0.894523
0.718025
0.77039
0.905337
0.898676
0.999916
0.861668
0.632456
1.0
0.652033
0.671153
0.76676
0.754519
0.902915
0.816504
0.305606
0.72823
0.774603
0.644103
1.0
0.471385
0.822181
0.816373
0.728989
0.94931
0.843644
0.75
0.956911
0.352462
0.715442
0.257199
0.359773
0.872717
0.440252
0.705359
0.499408
1.0
0.707107
0.910273
0.775108
0.980307
1.0
0.907244
0.807141
0.94931
0.670319
1.0
0.984121
0.14774
0.772614
1.0
0.539456
1.0
0.815831
1.0
0.914893
0.605603
1.0
0.753417
0.531614
0.80387
0.999997
0.775108
1.0
1.0
0.871646
1.0
0.972021
1.0
0.630097
0.747427
0.704276
1.0
0.238392
0.707105
0.56895
1.0
0.896833
0.893536
0.860137
0.903097
0.660612
0.346029
0.26989
0.730952
0.0
0.157893
0.576405
0.251646
0.654877
0.903474
0.94931
0.155244
0.494807
1.0
0.809811
0.587428
0.912952
0.887265
0.670748
0.5
0.561285
0.892338
0.576559
0.866027
0.622631
0.507332
0.445749
0.162557
0.554618
0.903097
0.866025
0.666667
0.915093
0.797814
0.516553
0.67998
0.555501
0.789873
0.999999
0.815116
1.0
0.744093
0.876123
0.888934
0.676123
0.0
0.577548
0.632233
1.0
0.232117
0.233146
0.0
0.999936
0.126974
0.527506
0.815953
0.761046
1.0
1.0
0.408248
0.535415
0.897362
0.655034
0.675796
0.866026
1.0
0.745107
0.584155
0.831066
0.937599
0.79276
0.717768
1.0
0.851889
0.473301
0.815142
0.437673
0.8417
0.874886
1.0
0.734968
0.0
0.700038
0.399048
0.600552
0.837565
0.857282
0.769807
1.0
0.886521
1.0
0.944106
0.755203
0.929011
0.83106
0.5
0.833678
0.979489
0.774482
0.999997
0.94931
0.670314
0.833342
1.0
0.943587
0.952977
0.693738
0.848783
0.754318
0.928415
0.505899
0.708584
0.541718
0.34916
0.194761
0.562644
1.0
0.316227
0.86888
0.999998
1.0
0.694035
1.0
0.583143
0.76854
0.632454
0.816498
0.904351
1.0
0.615597
0.666667
1.0
1.0
1.0
0.429375
0.445549
0.652736
0.614594
0.432901
0.277824
0.654342
0.695752
0.932263
0.870864
0.888775
0.705325
1.0
0.67636
1.0
0.948472
0.757555
0.834061
0.841333
1.0
1.0
0.844194
1.0
0.73876
0.57735
1.0
0.85917
0.775108
0.813025
0.930502
0.675178
0.890807
0.567726
0.394478
0.999989
0.678051
0.75
0.774598
0.282004
0.544987
0.798618
0.774575
0.229961
0.707112
0.538091
0.472925
0.789639
0.893077
0.145351
1.0
0.999985
0.626047
0.826563
0.681197
1.0
0.669733
0.70711
0.393678
0.499532
0.935463
0.907634
0.964618
0.57735
0.666667
0.776924
0.773904
0.377455
0.57464
0.852133
0.911502
0.28963
0.816497
0.772171
0.72575
0.98477
0.762302
0.265616
1.0
0.410232
0.623552
0.471011
0.903191
0.829986
0.539337
0.638834
0.786995
0.231603
0.765536
0.500276
0.716903
0.57735
0.342988
0.287412
0.666667
0.695429
0.999965
0.544212
0.62335
0.666667
0.334649
0.668875
0.811976
0.662461
0.707105
0.648335
0.964622
0.166788
0.759278
0.93571
0.903151
0.814992
0.725774
0.727905
0.371566
0.723562
0.971112
0.5
0.999999
0.730326
0.915811
0.866027
0.44693
0.773449
0.905913
0.999865
1.0
0.951796
0.751483
0.310505
0.87093
0.859444
1.0
0.897287
0.832207
0.948472
0.751323
1.0
0.43039
0.6661
0.419739
0.834501
0.731145
0.790412
0.817882
0.862114
1.0
0.751333
0.831791
0.870243
0.842098
1.0
0.479197
0.753674
0.772321
0.657013
0.946702
0.699648
0.807256
0.333833
0.499172
1.0
0.215233
0.696379
0.654959
0.349182
1.0
1.0
0.753504
0.221199
0.574286
0.829006
0.879773
0.415083
0.815035
0.903094
0.709343
0.779903
1.0
0.893536
0.652
0.291243
0.816893
0.912266
0.81186
0.417095
0.815143
0.817603
0.704762
0.408869
0.32127
0.334051
0.826456
0.644704
0.776656
0.959158
0.812628
0.291783
0.942782
0.697612
0.491578
0.989609
0.994064
0.740407
0.748797
0.3712
0.698102
0.882047
0.893587
0.612367
0.677333
1.0
0.812515
0.893058
0.88885
0.752685
0.707107
0.669816
0.0
0.707116
0.894523
0.930573
0.873431
0.882196
0.707107
0.707014
0.26584
1.0
0.918888
1.0
0.72365
0.923025
0.204522
0.333333
0.873179
0.827783
0.238313
0.717837
0.703073
0.88196
1.0
0.750426
0.866025
0.893982
1.0
0.999999
0.890571
0.768287
0.742318
0.872941
0.672099
1.0
0.723614
0.815077
0.882792
0.900819
0.856278
0.849701
0.490442
1.0
0.754594
1.0
0.81272
0.799131
0.756318
0.699376
0.772964
1.0
0.70729
0.775108
0.516397
0.95717
0.67082
0.856324
0.81565
0.882392
0.9123
0.461115
0.798075
0.707107
0.707107
0.138849
1.0
0.974315
0.891438
0.988652
0.57735
0.416178
1.0
1.0
1.0
0.261735
0.515684
0.81022
0.574803
1.0
0.924017
1.0
1.0
0.617723
1.0
0.948051
0.202979
0.748368
0.28963
0.893536
0.658111
0.8371
0.242468
1.0
0.86689
0.439146
0.627662
0.557163
0.798408
1.0
0.999999
0.778213
0.333333
0.87317
0.64424
0.75
0.715551
0.816838
1.0
0.522587
0.803527
0.67082
0.52683
0.42288
0.801456
0.877802
0.755554
0.317483
0.888732
0.726092
0.602096
0.84583
0.672806
0.98995
1.0
0.378772
0.886672
0.842107
0.5
0.932845
0.751796
0.771046
0.704392
0.927591
0.30098
0.0
0.336317
0.0338329
1.0
0.165693
1.0
0.767883
1.0
0.780839
0.720656
0.84752
1.0
0.321387
1.0
1.0
0.815143
0.853252
0.799005
0.673713
0.742617
0.911921
0.89683
0.795237
1.0
0.816497
0.383625
0.784786
0.865762
0.412877
0.56744
0.751095
0.630347
0.903097
0.830366
0.971197
0.942936
0.816497
0.714052
0.87421
0.51748
0.296654
0.666174
0.310252
0.144628
1.0
0.218218
0.758334
0.894427
0.614865
0.118655
0.847209
0.918596
0.754318
1.0
0.361462
0.884119
0.959733
0.0
1.0
0.57735
0.431806
0.468115
0.379456
0.948051
0.912217
0.675407
0.866379
1.0
1.0
0.879956
0.925375
0.999999
0.857422
0.437338
0.5
0.320029
1.0
0.57735
0.873145
1.0
0.620413
0.949798
0.772181
0.92126
0.867138
0.577244
1.0
0.848791
0.989291
0.920317
0.539241
0.408247
0.751917
0.244549
0.877627
0.989888
1.0
0.0
1.0
0.854401
0.816497
0.814213
0.986695
0.851848
0.465194
0.447214
0.522634
0.90341
0.268315
0.916577
0.888285
0.67374
0.872658
0.866061
0.333315
0.547722
0.742139
0.335756
0.774989
0.901332
0.611314
1.0
0.866026
0.789682
0.903132
0.572426
0.714517
1.0
0.492289
0.551133
0.236726
0.860819
0.713886
0.79341
0.987322
0.909561
0.392502
0.856466
0.866025
0.999991
0.5
0.847596
0.0
0.288675
0.958902
0.248764
1.0
0.765517
0.0
0.589483
0.959613
0.815143
0.142016
0.5
0.335543
0.365422
0.717371
1.0
0.556212
0.978227
0.436331
0.812977
0.911358
0.0
0.564902
0.696372
1.0
0.707107
0.792572
0.57735
0.740426
0.250765
0.858014
0.507093
0.433306
0.575308
0.904613
0.625684
0.758625
0.667756
0.84244
1.0
1.0
0.904894
0.953946
0.665166
1.0
0.698949
0.89008
0.913107
0.671378
0.577349
1.0
0.514718
0.999998
0.912266
0.871562
0.998307
0.278316
1.0
1.0
0.670822
0.7936
0.91973
0.875432
0.707107
0.479294
1.0
1.0
0.798083
0.741353
0.0
0.733911
0.0
0.901482
0.619704
1.0
0.615878
0.666667
0.535045
0.601564
0.43311
1.0
0.939127
0.893536
1.0
0.508811
0.425038
0.21925
0.7543
0.669126
0.88092
0.903117
0.865831
0.688464
0.849811
0.0
0.666668
0.929895
0.707107
0.0
0.912266
0.756228
0.679751
0.155844
0.447209
0.999726
0.704064
0.76997
0.754451
0.283472
0.77745
0.91732
0.707066
0.465655
0.874576
0.91582
0.894834
1.0
0.82815
0.93509
0.57735
0.695534
1.0
0.477009
0.432564
0.304832
0.814905
0.98995
0.981038
0.707105
0.922348
1.0
1.0
0.743659
0.671029
0.851429
0.50066
0.515882
0.850751
0.879307
0.85515
0.364879
1.0
0.938763
0.408248
0.671306
0.773924
1.0
0.94931
0.895776
0.957795
0.833076
0.816497
0.551136
0.820763
0.676362
0.886782
0.109228
1.0
0.26802
0.594467
0.918288
0.891211
0.787782
1.0
0.330381
0.667168
1.0
1.0
0.942117
0.353553
0.775436
0.651815
0.707107
0.770155
1.0
0.706856
0.0
0.666667
0.943674
0.697527
0.9236
0.929437
0.707501
0.866026
0.845128
0.633084
0.843069
0.826712
0.772539
0.986171
0.273132
0.9485
0.918307
0.990552
0.911377
0.402148
0.612372
0.97596
0.805523
0.583275
0.827448
0.666667
0.672492
0.879766
0.631825
0.0763917
0.893536
0.730394
0.790779
0.737611
0.899914
0.777923
0.664827
1.0
0.444257
1.0
0.256107
0.593722
0.441667
0.70206
0.728517
0.63688
0.239773
0.660991
1.0
0.824023
0.128403
0.809705
0.999998
0.581906
0.448533
0.672334
0.73371
0.948051
0.613951
0.820585
0.832572
1.0
0.775839
0.708166
0.5
1.0
0.432269
0.909093
0.666667
0.816003
0.666667
0.759103
0.67082
0.951014
0.804076
0.666667
0.832191
0.796328
0.911942
0.740274
0.453754
1.0
0.604147
0.945239
0.664868
0.762549
0.57735
0.866379
1.0
0.749993
0.903097
1.0
0.707107
1.0
0.0969163
0.822012
0.905761
1.0
0.743574
0.0
0.467025
0.707107
0.671264
1.0
0.0
0.842847
1.0
1.0
0.0
0.775108
0.916491
0.96112
0.79901
0.590922
1.0
0.796781
0.667096
0.342898
0.57735
0.614594
0.676187
0.409161
0.397112
1.0
0.99999
0.577139
0.583047
0.666667
0.783852
0.552813
1.0
0.925053
0.813889
0.928669
0.635305
0.979477
1.0
0.908745
1.0
0.79788
0.753266
0.737379
0.145176
0.671153
0.878435
0.150601
0.893258
1.0
0.495862
0.816497
0.973954
0.893536
1.0
0.956048
0.707103
0.897576
0.422579
0.727551
1.0
0.730297
1.0
0.670733
0.626963
0.893536
0.816497
0.700953
0.683606
1.0
0.499999
0.989967
0.574438
0.707312
0.755782
0.728359
0.707107
0.869086
0.798818
0.806061
0.790905
0.716112
0.582363
0.816497
0.89804
0.764915
0.472974
0.666667
0.977374
0.240021
0.571671
0.772797
0.89366
0.916545
0.869098
1.0
0.956832
1.0
0.786646
0.844194
1.0
0.610494
0.687757
1.0
0.964331
0.787648
0.784266
0.895396
0.547721
0.671285
0.948051
0.90279
0.265909
0.707069
0.40926
0.947064
0.959617
1.0
0.0
1.0
0.677117
0.895757
0.469315
0.577227
0.282188
0.231299
0.949039
0.75494
0.242669
0.67084
0.237318
1.0
0.347519
0.632456
0.304208
0.518876
1.0
1.0
0.600075
0.774597
0.565719
0.904802
0.837648
1.0
0.83051
0.787533
0.35154
0.595698
0.628092
0.895566
0.816497
0.931187
0.798739
0.480236
0.819351
1.0
1.0
0.89431
1.0
0.436598
0.273738
0.806316
0.835127
1.0
0.830349
0.791868
0.969714
0.707193
0.499975
0.999983
0.707107
0.110419
0.230826
0.861305
0.815818
0.844359
0.792066
0.99597
1.0
0.790568
0.920975
1.0
0.897181
0.999999
1.0
0.999999
0.888399
0.597613
0.0
0.57735
0.723312
0.189371
0.752552
0.800033
0.856305
0.816042
0.695897
0.370695
0.49973
0.999999
0.212582
0.901192
0.848765
0.4714
0.903362
0.498935
0.929238
0.727891
0.0
0.745782
1.0
1.0
0.477067
0.134498
0.893536
0.999396
1.0
0.845589
0.895855
0.53533
0.616254
0.707107
0.802177
0.85911
0.627386
0.775108
0.949153
0.764011
0.775919
1.0
0.815167
0.770876
0.801121
0.405276
0.901027
1.0
0.909257
0.999997
0.943083
0.685821
0.969463
0.912266
0.99893
1.0
0.577291
0.0
0.999998
0.814316
0.894578
0.632456
0.577411
0.707407
0.859743
0.999969
0.575177
0.927313
0.859498
1.0
0.554195
0.949886
0.957801
0.729848
0.746255
0.565426
0.75173
0.670847
0.969944
0.5
0.866015
0.953179
0.659815
0.67153
0.282507
0.663653
0.579772
0.605426
0.952943
0.691559
0.508389
0.622436
0.768218
0.932291
0.501306
0.448991
0.40119
0.866133
0.382193
0.335552
0.819917
0.766872
0.91227
0.941754
0.445582
0.627779
0.816497
0.574443
0.69306
0.932399
0.308981
1.0
1.0
0.687388
0.73998
0.894427
0.616251
0.571448
0.407571
0.923863
0.679944
0.815121
0.828765
0.816497
0.816497
0.948051
0.698409
0.832243
0.744255
0.83718
1.0
1.0
0.919665
0.730789
0.578579
0.912266
0.750036
0.897168
0.920144
0.577332
0.327751
0.885774
0.831898
0.330471
1.0
0.0851874
0.144533
1.0
1.0
0.526891
0.671284
0.892032
0.760627
0.999998
0.988779
0.381659
0.999999
1.0
0.850889
0.562716
0.707107
1.0
0.939988
0.838655
0.168172
0.798383
0.741212
0.785447
0.775108
0.791983
0.589549
0.86101
0.754053
0.999999
0.756195
0.765869
0.766563
0.491902
0.772072
0.625774
0.449668
1.0
0.251095
0.10296
1.0
0.448991
0.465101
0.866026
1.0
0.315259
0.798407
0.57735
0.597172
0.761415
1.0
0.992887
0.762124
0.618055
0.912266
0.6944
0.175022
0.915428
0.866025
0.938021
0.951805
0.847784
0.552696
0.751947
1.0
0.776686
0.853277
0.863002
0.872319
0.808775
0.670152
0.862393
0.728148
1.0
1.0
0.861351
0.0
0.816563
0.611274
0.793933
0.739313
1.0
0.791899
0.624966
0.965278
0.980731
0.40336
0.769995
0.577348
0.611345
0.782104
0.879118
0.999976
0.125192
0.255024
0.877878
0.952336
0.683562
0.999999
0.803946
0.576393
0.658268
0.751128
1.0
0.873159
0.236806
0.89898
0.850554
0.472894
0.999983
0.70551
0.700867
1.0
0.751179
0.506068
0.942961
0.0
0.815452
0.705878
0.785735
0.62503
0.655717
0.78885
0.783056
0.765777
0.614585
0.202564
0.612371
1.0
0.645396
1.0
0.31353
0.999995
0.558034
0.789503
0.697919
1.0
0.16247
0.666474
0.538211
0.261712
0.472964
0.734575
0.427219
0.659763
0.180983
0.743946
0.448991
1.0
0.865275
0.668499
0.688159
0.666421
0.5
0.799987
0.894495
0.895316
0.673337
1.0
0.945451
0.97781
0.858752
0.941491
1.0
0.971467
0.605208
0.673808
0.872959
0.22396
0.446671
0.806329
0.93941
0.972642
0.708313
1.0
0.733458
0.982895
0.70485
0.892845
0.890483
1.0
1.0
0.942007
0.289916
0.816497
0.840274
0.0
0.999993
0.138993
0.860221
0.816497
0.707107
0.265995
1.0
0.707105
0.999993
0.774014
0.812549
0.439296
0.749829
1.0
0.837301
0.912255
0.866023
0.69959
1.0
0.796063
0.533613
0.999996
0.863197
1.0
0.999976
0.396827
1.0
0.697411
0.838295
0.130604
0.0
1.0
1.0
1.0
0.961447
0.782472
0.6
0.707105
0.467104
0.739101
0.499998
0.666667
1.0
0.473488
0.374584
0.421007
0.70688
0.905072
0.768113
0.531671
0.447215
0.691617
1.0
1.0
0.752887
0.703827
0.999999
0.92107
0.768045
0.630039
1.0
0.904637
0.276558
0.577351
0.671264
0.681787
0.768984
0.798407
1.0
0.581388
0.809384
0.690672
0.929611
0.750758
1.0
0.0
0.671189
0.776254
0.66928
0.499954
0.839604
0.831408
0.705617
1.0
0.837588
0.334146
0.469993
0.689676
0.711375
0.616083
0.303148
0.911322
0.71602
0.999995
0.655451
1.0
1.0
0.999932
0.617209
0.799834
0.729453
0.999973
0.51124
0.657507
0.0
0.500285
0.402389
0.903719
0.895462
1.0
0.0
0.390444
0.94931
0.643983
0.961186
0.283249
0.710265
0.947408
0.99999
0.863013
0.918439
0.558749
0.81717
0.610408
0.568553
0.603511
0.384944
0.568234
0.969714
0.886323
0.828338
0.769117
0.57028
1.0
0.978776
0.884448
0.547813
0.899095
0.956475
0.669946
0.782121
0.999991
0.758777
0.912258
0.0936207
1.0
0.301129
1.0
1.0
0.692501
0.331453
0.96862
1.0
0.755398
0.891461
0.813439
0.707107
1.0
0.742499
0.890021
0.850569
1.0
0.730207
0.815098
0.725217
1.0
1.0
0.854193
0.767621
0.841096
0.200793
0.0
0.581476
0.979538
0.698296
0.332001
0.611823
0.820136
0.893536
0.869349
0.788435
0.590245
0.747276
0.545334
0.670921
1.0
0.682778
0.399936
0.999997
0.75
0.774593
0.999975
0.789728
0.973343
0.598538
0.750705
0.396853
0.936901
0.919775
0.85394
0.604168
0.112142
0.854732
0.912944
1.0
0.666667
0.612384
0.332758
1.0
0.917499
0.584675
0.406126
1.0
0.849445
0.848251
1.0
0.955745
0.912266
0.619768
0.339042
0.723447
0.447998
0.797952
1.0
0.577465
0.780552
0.774597
1.0
0.408763
0.648948
1.0
0.773263
0.994871
0.520885
0.901967
0.468187
0.847118
1.0
0.904714
0.289941
0.916713
0.666673
0.85604
0.605399
0.70708
0.19943
0.881211
0.747418
0.69794
0.707107
0.999981
0.999984
0.999998
0.909914
0.803029
0.57735
0.583953
0.471616
0.665108
0.670949
0.999993
0.813298
0.707107
0.655089
0.932406
1.0
0.710479
0.660022
0.912944
0.470274
1.0
0.768816
0.466013
0.790568
0.949307
0.840381
0.674073
0.544398
0.941197
0.669835
0.782637
0.262675
0.505814
0.807955
0.866025
0.505851
0.707107
0.621309
0.770517
0.219017
0.315988
0.408248
0.887466
0.886191
0.996464
0.483067
0.866018
0.49609
0.598129
0.594854
0.811357
0.609995
0.328078
0.775221
0.93438
1.0
0.233694
0.970066
0.816497
0.780217
0.898802
0.738637
0.802729
0.798407
0.948061
0.717686
0.669798
1.0
0.71602
0.312291
0.472996
0.0985758
0.30495
0.777602
1.0
0.775313
0.772171
0.893536
0.857822
0.730142
0.379831
0.474185
0.893536
0.563609
1.0
0.947856
0.801124
1.0
0.750217
0.952381
0.665082
0.938522
0.617711
0.818942
1.0
0.666667
0.894427
0.939786
0.999997
0.423602
0.3829
0.757914
0.894427
0.36918
0.949501
0.497162
0.908473
0.663945
0.707107
0.507695
0.959225
0.871511
1.0
0.758734
0.728353
0.753767
0.639872
0.899511
0.533382
0.5
0.816081
0.864595
0.866036
0.953222
0.776129
0.801681
0.420048
0.612714
0.75536
1.0
0.992651
0.749984
0.386155
0.705956
0.750131
0.666667
1.0
0.727918
0.834961
0.651815
0.888453
0.952412
0.408248
1.0
0.654281
0.547723
1.0
0.675043
0.272085
0.741761
1.0
0.761813
0.360976
1.0
0.982682
1.0
0.577702
0.791296
0.79802
0.979527
0.961342
0.639186
0.772311
0.552139
1.0
0.86617
0.707107
0.701865
0.185099
0.461086
0.727469
0.408248
0.463471
0.816497
0.881792
0.997021
0.57735
0.932385
0.732605
0.707107
0.0
1.0
0.195455
0.61743
1.0
0.844164
0.858611
0.924236
1.0
0.795275
0.0
0.806282
0.826396
0.667479
0.579068
0.548871
0.849639
0.893055
0.5
0.816397
0.935159
0.33008
0.288675
0.997037
1.0
0.132452
0.90064
0.618246
0.3323
0.614863
1.0
0.194737
0.665847
0.671218
1.0
0.465216
0.797963
0.607487
0.930499
0.835675
1.0
0.666134
1.0
0.781288
0.925381
0.5
0.775108
0.640589
0.739573
0.886745
0.850456
1.0
0.474731
0.910046
0.493925
0.821285
1.0
0.612055
0.65406
1.0
0.857029
0.688515
0.788711
0.707107
0.98995
0.0
0.825496
0.615664
0.701356
0.587417
0.96181
0.477929
1.0
1.0
0.479405
0.670821
0.958623
0.932445
0.440876
0.832219
0.0
1.0
0.720042
0.68091
0.736213
0.926259
0.0
0.3155
1.0
0.931505
0.774269
0.704976
0.890651
1.0
1.0
0.999999
0.881497
0.388649
0.906272
1.0
1.0
0.731058
0.666667
0.313733
0.894415
0.735221
0.859607
0.864992
1.0
0.393893
0.302145
1.0
0.782819
0.116907
0.715955
0.87937
0.707107
1.0
0.866025
0.738192
0.149657
0.849889
1.0
0.918331
0.500965
0.0653533
0.483237
0.643028
0.866022
0.707107
0.728281
0.863366
1.0
0.764873
0.680545
0.951198
0.852115
0.701085
0.845287
0.446032
0.668283
0.632445
0.795132
0.256373
0.828416
0.666667
0.941227
0.999997
0.436964
0.999999
0.856333
1.0
0.986385
0.996874
0.618325
0.628298
0.530911
0.899515
0.832229
0.536973
1.0
0.738243
0.675004
0.860943
0.743302
1.0
0.291803
0.707107
0.403097
0.733889
1.0
0.649127
0.730859
0.856617
0.236482
0.862945
0.77005
0.636181
0.778214
0.563693
0.809881
0.279453
0.867812
0.956129
0.890594
0.771726
0.999995
0.971407
0.772778
0.847263
0.316224
0.807962
0.941807
0.733913
0.893536
0.980586
0.897484
0.841171
0.798407
0.57722
1.0
0.999988
0.243497
0.773615
0.531147
0.667911
0.775169
0.632456
0.498689
0.707107
0.824111
0.593084
0.191472
0.572493
0.214863
0.5
1.0
0.519669
0.990611
0.187284
1.0
0.670816
0.765906
1.0
1.0
0.493266
0.969714
0.981133
0.740521
1.0
0.889776
0.317131
1.0
0.860414
0.738087
0.87275
0.337186
1.0
0.937249
0.969714
0.129899
0.629477
0.719274
0.854923
0.57735
1.0
0.180758
0.99859
0.816497
1.0
0.96927
0.89443
0.389545
0.93914
0.816497
1.0
0.707102
0.606635
0.606103
0.558028
0.995162
0.829219
0.633274
0.666428
0.67082
0.14414
0.0
0.71485
0.775108
1.0
0.0
0.91576
0.843484
0.866025
0.577581
0.948263
0.577347
0.576393
0.99969
0.78909
1.0
0.763015
1.0
0.999997
0.926617
0.765818
1.0
0.358599
0.817169
1.0
0.974734
0.96967
0.752702
0.707107
0.923366
0.756231
0.750653
0.705409
0.866025
0.999999
0.707363
0.847389
0.999999
0.948261
1.0
0.842595
0.950921
0.80415
0.412641
1.0
0.915243
0.883547
0.611504
0.632456
0.686338
0.538494
0.454392
0.758333
0.999999
0.176488
1.0
0.675817
0.777703
1.0
0.817161
0.831086
0.636441
0.962015
0.649057
0.521886
0.884275
0.720878
0.179721
0.993732
0.978041
0.866025
0.852583
0.723482
0.194942
0.666667
0.632853
0.138917
0.995542
0.943561
0.215797
0.504372
0.590618
0.908078
0.0
0.794823
0.895311
0.863628
0.866229
1.0
0.0
0.847454
0.556828
0.33794
0.798072
0.549655
0.795012
0.999999
0.633255
1.0
0.707107
0.520912
0.789359
0.631795
0.355359
0.903278
0.662824
1.0
0.528262
0.946758
0.749148
1.0
0.897114
0.5
0.943587
0.534925
0.893475
0.755517
0.866025
0.321222
1.0
0.762037
0.201572
1.0
0.859048
0.816125
0.922044
0.918589
0.999996
0.145003
0.952944
0.998477
0.585815
0.830908
0.577296
0.95774
0.94779
0.756265
1.0
0.353552
0.66891
0.553419
0.948051
0.92397
0.829948
0.893536
0.940211
0.963897
1.0
0.0
0.439944
0.638673
0.468708
0.333293
0.912059
0.707107
0.893536
0.94931
0.455379
0.915009
0.860932
0.70614
0.644636
0.987273
0.964604
0.893536
0.747198
0.660506
0.317484
0.641836
0.977862
0.948051
0.787363
1.0
0.193488
0.807297
1.0
0.89354
0.533118
0.621243
0.773381
0.663621
0.940334
0.929711
0.0
0.753363
0.999999
0.4
0.69982
1.0
0.837049
0.825312
0.946718
1.0
0.867464
0.798345
0.51491
1.0
0.502551
1.0
0.752042
0.892671
0.427457
0.432591
0.230943
0.684048
0.92956
0.930099
0.999999
0.743042
0.602396
0.0
0.355317
0.425629
0.474796
0.901192
0.820136
0.709137
0.98882
0.999986
0.480495
0.799052
1.0
1.0
0.418482
0.804008
0.919301
0.843713
1.0
0.912043
0.820269
0.57407
1.0
0.562239
0.890993
0.893536
0.989832
1.0
0.941096
0.944022
0.87387
0.991001
0.903439
0.662617
0.134917
0.408248
0.854654
0.932257
0.454001
0.909034
0.763769
0.479011
0.459643
1.0
0.697043
0.770657
0.396896
0.439358
0.321154
0.342234
0.430925
0.614603
0.671849
0.912509
0.57698
0.70694
0.542454
0.441872
0.893752
1.0
0.169261
0.4519
0.816497
0.948015
0.0870438
0.75564
0.856332
0.817305
0.377761
0.816497
1.0
0.817347
1.0
0.816497
0.839703
1.0
1.0
0.660886
0.675925
0.814672
0.813667
0.359724
1.0
0.730924
0.912182
0.999999
0.565808
0.554343
0.377147
0.894427
0.948051
0.712934
0.408248
1.0
0.866023
0.5
0.863297
0.83818
0.454584
0.729726
0.692782
0.82502
1.0
0.577405
0.779091
0.309956
0.912262
0.899697
0.67082
0.860816
0.57735
0.329886
0.670828
0.945741
0.798407
1.0
0.893536
0.707107
0.618506
0.449113
0.132528
0.664933
1.0
0.0
1.0
1.0
0.56421
0.6066
0.443334
1.0
0.800151
0.800539
0.516118
0.903447
0.764524
0.5
0.563405
0.612375
1.0
0.66448
0.127101
0.196416
0.666804
0.859152
0.929521
0.893536
0.769872
0.922052
0.933922
1.0
0.999982
0.975487
0.0
0.686777
0.859253
0.617547
0.94513
0.666667
1.0
0.707007
0.565401
0.666333
0.999994
0.948051
0.0
0.761359
0.869258
0.67082
0.667959
0.578296
0.410954
0.252896
0.539204
0.571107
0.858453
0.977752
0.999935
0.611349
0.771097
0.641854
0.578242
0.408248
0.812596
0.801127
0.9159
1.0
0.67082
0.559973
1.0
0.791957
0.75
0.912179
0.548281
0.318639
0.911288
0.629467
0.707107
0.7212
0.575912
0.819295
0.866114
0.775075
0.893536
1.0
0.681188
0.815459
0.569755
0.660838
0.629364
0.99995
0.890238
0.762352
0.769895
0.201737
0.943587
0.967812
0.617736
0.847118
0.0
0.405016
0.155998
0.209822
0.74499
0.767883
0.8194
0.816497
0.719363
0.753422
0.971438
0.614819
0.272657
0.999999
0.863937
0.929533
0.784139
0.999992
0.162701
0.881061
1.0
0.999997
0.244759
0.597931
0.722511
0.693401
0.52728
0.876057
0.945386
0.87296
0.798099
0.835919
0.774512
0.897379
0.298481
0.699475
0.273699
0.866025
0.237376
0.912485
0.204797
0.433433
0.0
0.608999
0.0798933
0.92534
0.0920632
0.893536
0.708559
0.798407
1.0
0.890151
1.0
0.438203
0.0
1.0
1.0
1.0
0.999943
0.898122
1.0
0.372584
0.914041
0.999998
0.704097
0.979436
0.826742
0.0
0.864673
0.444896
0.996741
0.583922
0.945062
0.616732
0.672458
1.0
0.587339
0.582122
0.730115
1.0
1.0
0.734294
0.835784
1.0
0.707107
0.0
0.999992
0.567951
0.75754
0.546713
0.228536
0.707107
1.0
1.0
0.409599
0.986361
0.943564
0.57735
0.947379
0.949068
0.821739
0.67324
0.68927
0.816497
0.980278
0.922937
0.2502
0.93985
0.193498
0.832662
0.629097
0.408248
1.0
0.720295
0.951614
0.952944
0.799564
0.776798
1.0
1.0
0.543127
0.366356
1.0
1.0
0.128856
0.654342
0.814182
0.650235
0.666667
1.0
0.772738
0.672251
0.999997
0.734049
0.431724
0.909604
0.952726
0.706936
0.799008
1.0
0.864586
1.0
0.816496
0.654342
0.38607
0.236092
0.919334
1.0
0.999215
0.29213
0.0
0.355516
0.433837
0.867454
0.31673
0.844489
1.0
0.947527
0.769944
0.707107
1.0
0.894427
0.608352
0.815143
0.751469
0.397868
0.672406
0.183974
0.77594
0.288675
1.0
0.971371
0.977752
1.0
0.370175
0.794609
0.462925
1.0
0.999999
1.0
0.469794
1.0
0.667058
0.694177
0.962583
0.999982
0.5
0.927823
0.799653
0.408247
0.391542
0.42528
0.767623
1.0
0.674078
0.433299
0.289327
0.73741
0.950896
0.651728
0.610905
0.262761
0.968716
1.0
0.523582
0.937698
1.0
0.844194
0.777251
0.577278
0.584054
0.576334
0.847838
0.959646
0.909324
0.666696
0.989672
0.586931
0.0
0.893536
0.337413
0.919344
0.707049
0.935317
1.0
0.908144
0.543801
0.431823
1.0
1.0
0.234493
0.70491
0.754627
0.811263
0.798407
0.674166
0.786514
0.818603
0.729973
0.57735
0.709984
0.730307
0.746814
0.777816
0.749472
1.0
0.774814
0.790359
0.432526
0.890614
1.0
0.67617
0.867884
0.854884
0.525883
1.0
0.815141
0.800092
0.705923
0.844541
0.918601
0.962804
0.707114
0.772192
0.815242
0.187207
1.0
0.322759
0.0
0.859748
0.176516
0.805509
0.801334
0.866149
0.516341
1.0
0.948051
0.600394
