0.997548
1.0
1.0
1.0
0.770951
1.0
0.557523
0.999548
0.0512187
0.993691
0.715434
1.0
0.883731
0.627777
1.0
0.999435
0.352076
0.964742
0.956929
0.68275
0.476286
0.991316
1.0
0.163214
0.718764
0.910757
0.355152
0.740624
0.415505
0.999581
0.824488
0.999661
0.865327
0.775085
0.184585
1.0
0.999992
0.999924
1.0
1.0
0.946949
0.999321
0.811147
1.0
0.873033
0.996292
1.0
1.0
0.526955
0.820743
1.0
1.0
0.810937
0.713381
0.999671
0.686205
1.0
0.465263
1.0
1.0
0.706115
0.869875
-0.0137681
-0.105751
1.0
0.941041
0.999523
1.0
0.747637
0.865338
0.084235
0.685862
0.0675297
1.0
0.417489
0.505191
0.999572
0.386993
0.0229927
1.0
0.100525
0.0218799
0.572911
0.193292
0.0680397
0.750475
1.0
0.805923
0.00508756
0.999935
0.376741
1.0
0.773017
0.816959
0.997924
0.998292
0.999997
0.710112
0.281899
0.267162
0.999981
0.97049
1.0
0.903437
0.997952
0.871123
1.0
0.636489
0.920331
-0.00354806
1.0
1.0
1.0
0.0795587
1.0
0.721815
0.605706
0.463446
1.0
0.745564
0.814263
0.997031
0.274501
0.411734
0.410275
0.814803
0.554394
0.801314
0.795027
0.814239
0.0224687
0.578216
0.0202128
0.964747
0.479747
0.99563
0.0273257
-0.00934477
0.00809964
0.671062
0.505877
0.953082
0.860156
0.999439
0.999795
0.583374
0.999309
0.467588
0.0216657
0.702615
1.0
0.763592
0.830561
0.706513
0.173135
0.503781
0.0607173
0.0742924
0.757691
0.72313
0.995759
0.303284
0.689664
0.876752
1.0
0.0222232
0.88952
0.759777
1.0
0.999449
0.778238
0.36412
0.790193
0.784714
-0.0094514
0.873623
0.875328
0.511477
0.613877
0.711974
0.999998
0.238495
1.0
0.812935
0.996233
0.694229
0.829077
0.998318
0.810753
0.141245
1.0
0.125658
0.606159
0.708354
0.125263
0.610394
0.999794
0.1113
0.5049
1.0
1.0
0.698432
0.148792
0.99997
0.546558
0.439919
0.751875
0.960033
0.0365021
0.209909
0.870462
0.627862
0.724496
0.421175
0.999857
0.999819
0.996514
1.0
0.339633
0.930087
0.999069
0.327187
0.661434
0.997239
1.0
0.999997
0.588291
0.739181
0.949452
0.0796732
0.96168
0.883585
0.880754
0.977726
0.99999
0.995407
0.599718
0.998917
0.810107
0.0404133
0.275664
0.999371
0.616247
1.0
0.385869
0.683945
0.394493
0.0670463
0.121683
0.962854
0.344755
0.999772
0.325815
0.220646
0.890007
0.857501
0.999952
0.865947
0.629399
0.90149
0.580374
0.581058
0.0930213
0.00289929
1.0
0.585852
0.999473
0.992756
0.999999
1.0
0.692108
0.0271228
0.999552
0.867715
0.999981
0.987618
0.744599
0.994162
0.96886
0.39276
0.47012
0.999612
1.0
0.0454114
0.59093
0.518591
0.680378
0.152457
0.988143
0.847573
0.773722
0.987983
0.72753
0.516925
0.994426
1.0
0.978842
0.566102
0.365538
1.0
0.999974
0.825652
0.999999
1.0
0.998511
1.0
0.889275
0.24804
0.823718
0.717929
0.9979
0.118277
0.580835
1.0
1.0
0.981126
0.0600144
0.721321
0.991196
0.999425
1.0
0.718228
1.0
0.00197443
0.631944
0.999978
0.433517
0.617534
0.56877
0.880688
1.0
0.549008
0.996385
0.939484
0.722121
1.0
0.116446
0.571326
0.632027
0.791578
0.849624
0.996775
0.99999
0.437979
0.999871
1.0
0.0834182
0.121223
0.524267
1.0
0.108269
1.0
0.999894
0.837005
0.982868
-0.0015043
0.521531
0.998203
1.0
0.984254
0.919039
0.807025
0.284111
0.999554
0.815403
0.998539
-0.0320328
0.576862
0.827331
0.718255
1.0
1.0
1.0
0.152578
1.0
1.0
0.999947
1.0
0.310798
0.535398
0.183861
0.831631
0.87814
0.00765553
1.0
0.153969
0.99983
0.775076
0.342653
0.984327
1.0
0.0243625
0.999998
0.703105
0.00354628
0.868355
0.632552
0.0165676
0.997536
0.868378
1.0
0.00464633
0.579858
0.43996
1.0
0.950979
0.998593
-0.0515736
1.0
0.999527
0.964907
0.651038
0.996472
0.998561
0.982595
0.780865
0.925913
0.959631
0.145049
0.999851
0.770232
0.999153
0.999335
0.999999
0.868146
0.821937
1.0
0.831011
0.847931
0.998929
0.916377
0.992985
1.0
0.167019
1.0
0.396091
0.823148
0.762985
0.999993
0.513442
1.0
0.0189576
0.730966
0.765079
1.0
1.0
0.0
0.959298
0.995424
1.0
1.0
0.458172
1.0
0.99815
1.0
0.722183
0.999577
0.472642
0.721459
0.322899
0.999959
-0.0142886
0.81793
0.709621
-0.00175772
0.81847
0.708763
0.77872
0.258759
0.999982
0.917816
1.0
0.0568933
0.999992
0.510986
0.680775
0.951044
0.621579
0.8439
0.152328
0.635404
1.0
0.934562
0.999604
0.99277
0.667769
0.999566
0.989561
0.876199
0.00392972
0.869037
1.0
0.850943
0.803142
0.869267
0.100762
0.659919
0.947228
0.000347321
0.411346
1.0
0.751315
0.0374632
0.102187
0.999855
0.864227
0.404298
0.999999
0.62665
0.6407
0.546272
1.0
0.999964
0.230791
1.0
0.693538
0.917296
0.999992
1.0
0.984629
0.804536
0.997973
0.992885
0.225187
0.99997
1.0
0.0999672
0.797428
0.142334
0.995658
0.702738
1.0
0.989416
0.999944
0.974797
0.979581
1.0
-0.00231435
1.0
0.848578
0.992812
0.991314
1.0
0.984753
0.864581
0.117634
0.700522
0.33838
0.0492887
0.0726128
0.731185
0.999999
0.564677
0.958946
0.949187
0.97484
1.0
0.86468
0.616544
0.0750292
0.998797
0.893287
0.700594
0.374072
0.0514944
0.789194
0.999879
1.0
0.881107
0.278185
0.608073
0.702312
0.984388
0.827652
0.731368
0.662816
0.932346
0.989614
0.99234
0.251387
0.0363525
0.991558
0.946647
0.99997
0.8896
0.488394
0.393217
0.818415
1.0
1.0
0.994134
1.0
1.0
0.512757
1.0
0.994813
0.987191
1.0
0.995977
0.655804
0.228685
0.921391
0.717046
0.659096
0.746684
0.686091
0.877721
0.999714
0.735997
1.0
0.429386
0.528558
0.970935
1.0
0.999713
0.999348
0.15951
1.0
0.189298
0.89608
0.995503
1.0
0.00932047
0.997639
0.534984
0.812882
0.410572
0.999962
0.999911
0.833041
0.637316
0.999993
0.821417
0.99964
0.996183
0.999901
0.933985
0.0455546
0.999932
0.689533
0.983593
-0.000998109
0.875986
0.706161
0.261905
0.976056
0.773486
1.0
0.501481
0.999771
0.997594
1.0
0.331974
0.467438
0.823304
1.0
0.7258
0.0419641
0.0362389
0.999816
0.73094
0.994158
0.317556
0.998933
0.526621
1.0
0.900435
0.604318
0.995172
0.913343
0.867623
0.885591
0.939972
0.00992247
0.702787
0.206611
0.997027
0.992623
0.614881
0.998039
0.77403
0.194609
0.689853
0.999712
1.0
0.716905
0.0226633
0.99387
0.0522601
0.656343
1.0
0.00155239
0.997723
0.964446
0.71856
0.721237
0.840316
0.288106
1.0
0.999982
0.729809
0.298208
0.719867
0.671101
0.999942
0.659387
0.218048
1.0
0.335442
0.863587
0.220632
0.701038
0.945477
0.298681
0.281059
0.994619
0.673885
1.0
0.746326
0.847858
0.997923
1.0
0.990823
0.713513
0.67574
0.999965
0.232387
0.924905
1.0
0.565274
0.999769
0.174772
1.0
0.73829
0.196052
0.878467
0.845857
0.163276
0.809071
0.998612
0.758864
0.8363
0.32287
0.950278
0.976549
0.805843
0.496693
0.995972
0.984876
0.999897
0.896968
0.0196672
1.0
0.211022
0.374274
1.0
0.999955
0.547018
1.0
1.0
0.867634
0.854992
0.354738
0.999059
0.99972
0.999207
0.000764882
0.895987
0.594573
0.741099
0.152717
0.581625
1.0
0.981422
0.998719
0.0706992
0.984613
1.0
0.963906
1.0
0.998144
0.711685
0.780574
0.013488
0.925276
0.95033
0.663725
0.998307
0.861031
0.686721
0.164776
0.348331
0.275801
0.685489
0.901658
1.0
0.238237
0.647517
0.9956
0.996647
1.0
1.0
0.713063
0.999883
0.527916
0.963683
0.851539
0.256681
0.7205
0.37166
0.809684
0.774084
0.993896
0.385855
0.358699
0.228185
0.99999
0.324153
1.0
1.0
0.576009
0.332679
0.241326
1.0
0.998351
0.99884
0.999888
1.0
1.0
0.722261
0.930218
1.0
1.0
0.817826
0.405372
0.965661
1.0
0.159019
0.683888
1.0
0.994365
0.60243
0.932191
0.220829
0.689849
0.707932
0.866954
0.999876
0.995625
0.846715
0.826082
0.457779
0.981268
0.295646
0.244768
0.538825
1.0
0.219312
1.0
0.288509
1.0
0.980725
0.831372
0.998816
0.704606
1.0
1.0
0.467341
0.00209763
1.0
0.999842
0.994329
0.0177213
0.999939
0.308022
0.903449
0.998931
0.993565
0.115605
0.814122
0.85922
0.931177
0.40019
0.0983555
0.996843
0.797418
1.0
0.999024
1.0
0.999655
1.0
0.534486
0.983793
0.999968
0.116204
0.240575
0.976617
1.0
1.0
1.0
0.994988
0.0979936
0.261708
0.616194
0.708803
0.0173721
1.0
1.0
0.677443
0.999551
1.0
0.00522757
0.999815
0.99788
0.00619287
1.0
0.991547
0.676701
0.731979
0.999999
0.859042
0.0720443
0.719944
0.999829
0.836611
0.191086
0.704447
0.580425
1.0
0.998257
0.989739
0.891483
0.806113
0.963371
0.601214
0.0066501
0.814494
0.463156
0.123424
0.846018
0.00366955
0.189184
0.598564
0.76295
0.254501
0.988654
0.998727
0.139526
0.771932
1.0
0.81319
0.115995
0.974984
0.0805842
0.146178
1.0
1.0
0.575874
0.584764
0.993731
1.0
0.896553
0.782156
1.0
0.894471
0.453757
0.977501
1.0
0.102485
0.982191
0.700623
0.996832
0.163656
0.999667
0.698728
-0.00130219
0.806764
1.0
0.175088
0.99631
0.153548
0.834555
0.628275
0.991502
0.0322172
0.710104
0.999834
0.998139
0.874919
0.799844
0.996484
0.578324
0.797058
1.0
0.59248
0.270412
0.18158
0.965047
0.441065
0.988275
0.188348
0.0153809
0.738102
0.868987
0.20162
1.0
0.884325
1.0
1.0
0.999972
0.489821
0.999686
0.998771
0.228715
0.122235
0.993351
0.609802
0.714306
1.0
0.999391
0.788611
0.736694
0.72944
0.979087
0.941163
0.99922
0.028232
0.298571
0.979061
0.99875
0.860645
0.717665
0.114396
1.0
0.977025
0.813705
0.998192
0.894116
0.911904
0.863185
0.754563
0.567201
0.9728
1.0
1.0
0.753378
0.413678
0.408848
0.704517
0.976489
0.574616
0.940912
0.286037
0.440273
0.525405
0.498216
1.0
0.734019
0.872931
0.73257
0.931693
1.0
0.956249
1.0
0.8524
0.197596
0.68192
0.975471
0.786192
0.512152
0.609392
0.99609
0.999945
0.999999
0.710668
1.0
0.998453
0.390033
0.911477
0.421967
1.0
1.0
0.616764
0.806239
0.833285
1.0
0.734844
0.553931
0.243425
0.0606441
0.649605
0.998449
0.754847
0.999195
0.496457
0.982171
0.968576
0.0287215
0.130911
0.707779
0.99957
0.977594
0.752336
0.677206
0.884224
0.610727
0.995182
0.0394892
0.999283
0.626727
0.711834
0.957321
1.0
0.778014
0.816025
1.0
0.932809
0.692572
0.00563484
0.532607
1.0
-0.029348
0.999997
0.993764
0.999946
0.405046
1.0
1.0
0.426028
1.0
0.72716
0.0343319
0.814856
0.591067
0.911678
1.0
0.683899
0.821151
0.99983
0.999631
1.0
0.479126
0.987865
0.250697
0.9983
0.998679
0.997446
1.0
1.0
0.742042
0.354963
0.628483
0.34801
0.322691
0.280434
0.998494
0.723246
0.504477
0.685426
0.535058
1.0
0.922576
0.983986
0.996218
0.801782
0.970977
0.997797
0.559611
1.0
0.99143
0.844409
0.0508202
0.545833
0.125519
0.207877
0.716708
0.997169
0.800899
1.0
0.993286
0.763979
0.838754
0.797589
1.0
0.996265
0.53725
1.0
0.71105
0.752093
0.112237
0.998597
0.959264
0.164848
0.679673
0.115869
0.509789
0.77035
0.782454
0.999569
0.890721
0.248189
0.992524
0.617455
0.279242
0.993081
0.38399
0.820229
0.882831
0.996171
0.40491
0.587097
0.642568
0.997459
0.935555
0.162411
0.997585
1.0
0.0304044
0.0414372
0.983554
0.791998
0.999968
0.996641
0.997054
0.999486
0.487519
0.402104
0.852657
0.77449
0.496541
0.673685
0.968536
1.0
0.995566
0.263366
1.0
0.998828
0.998458
0.974123
0.870975
0.718063
0.709702
0.00146525
0.37289
0.624519
1.0
0.882085
0.81717
0.662705
0.999465
0.999684
0.781408
0.999996
0.0350119
0.206922
0.988432
0.567201
0.887636
0.841303
0.469972
0.98895
0.666055
0.0350037
0.999895
1.0
0.746062
0.99551
0.999998
0.993201
0.992419
0.947208
0.610518
0.42304
0.991646
0.672191
0.206273
0.996571
0.981757
0.523203
1.0
0.520636
1.0
0.83502
0.803994
0.995206
0.115979
0.778718
0.947278
0.999999
0.785704
0.0309805
1.0
0.99983
0.984445
0.0562938
0.983494
0.98929
0.626528
0.648545
0.862914
1.0
0.999981
0.492466
0.86656
1.0
0.999057
1.0
0.00162071
0.865236
0.185749
0.6102
1.0
0.746849
1.0
0.838417
0.150137
0.982583
0.561557
0.999801
0.024086
0.910547
0.999967
0.998885
1.0
1.0
0.268282
0.34817
0.0745519
0.502023
0.999597
1.0
0.511212
0.930802
0.522809
1.0
0.160456
0.963443
0.999981
0.992624
0.626979
1.0
0.967795
0.77921
0.646562
0.695705
0.796215
0.0558164
0.883994
0.573382
0.901038
0.82782
0.636767
0.977906
0.0341004
0.0184137
0.999877
1.0
0.670983
0.166621
0.813855
1.0
0.953821
1.0
0.61706
0.826186
1.0
0.127909
0.0477242
0.923314
0.999999
0.281893
0.984487
0.0519777
0.231691
0.0147444
0.771441
1.0
0.440373
0.805905
0.999631
1.0
0.0552963
0.36941
0.727681
1.0
0.466089
0.888326
1.0
0.87939
0.0608705
0.921904
0.896065
0.931129
1.0
0.584524
0.944306
0.599344
0.534563
1.0
0.837359
0.216258
0.990314
0.769895
-0.0793457
0.999461
0.638324
0.546295
0.986437
0.99874
0.863154
1.0
0.692338
0.999953
0.753068
0.998064
0.819934
0.999875
1.0
0.197332
0.244275
0.838496
0.867115
0.0260138
0.857785
0.963798
0.129554
0.826777
0.0273366
0.748941
1.0
0.73171
0.824844
0.561543
0.800233
0.811543
1.0
-0.052077
0.990888
1.0
0.692168
0.242578
0.679377
0.401032
0.99554
0.625351
0.97797
1.0
0.997975
1.0
0.890257
0.939921
0.765243
0.632975
0.965207
0.756585
0.692373
0.592701
0.00401917
0.709344
0.027857
1.0
0.291367
0.999646
0.591222
0.135868
0.711757
0.788466
0.876136
1.0
0.864568
0.0389472
0.989608
0.647083
1.0
0.999996
0.15162
1.0
0.988573
0.86786
0.541743
0.78879
0.147348
0.714423
0.212733
0.633345
0.997765
0.999787
0.94492
0.709498
0.995271
0.999943
0.998871
0.300627
0.953985
0.0343084
0.989039
0.796433
1.0
0.99926
0.770346
1.0
1.0
0.997662
0.451714
1.0
0.991353
0.999856
1.0
0.778915
0.976141
0.995763
0.820719
0.217863
1.0
0.999248
0.631076
0.545209
0.997476
0.998397
1.0
1.0
0.999527
0.599326
0.999149
0.664317
0.990145
1.0
0.281794
0.184163
0.66205
0.837896
0.0151544
0.171463
0.626655
0.79131
0.999998
1.0
0.50651
0.0248829
0.326018
1.0
0.997023
0.204745
1.0
0.842979
0.0397442
0.830459
1.0
0.774478
-0.0465604
0.0828882
1.0
0.982076
0.788668
0.207133
0.625099
0.204303
0.692767
0.753017
0.763626
0.77218
0.632656
0.0994947
0.0132934
1.0
0.999758
1.0
0.359979
0.999977
0.145241
0.829274
1.0
1.0
0.357749
0.876764
1.0
0.951846
0.683416
0.984952
1.0
0.695744
0.550942
0.999989
0.135127
0.433363
0.692778
0.865961
0.182167
0.385402
0.573298
0.974813
0.217372
0.637469
0.0586046
1.0
0.991525
1.0
0.0129259
0.555513
1.0
0.142402
1.0
1.0
0.658966
0.0247087
0.108434
0.797245
1.0
1.0
0.993177
0.220045
9.88282e-05
1.0
0.993078
0.784625
1.0
0.979472
0.980003
0.994585
0.263589
1.0
0.999374
0.11681
0.997579
0.999585
0.993048
0.874245
0.461106
1.0
0.734703
0.909891
0.710042
0.807278
0.100534
0.279684
0.69286
1.0
0.741161
0.999611
1.0
1.0
0.0547818
0.00876132
0.16165
0.824757
0.999358
0.999865
0.749276
1.0
0.192406
0.999959
0.952205
0.999927
0.768217
0.999877
0.70285
-0.048249
0.507083
0.757868
0.588748
0.998781
0.482922
0.493747
0.615293
0.678818
0.755119
0.515286
1.0
0.820805
0.0951502
0.709385
0.892845
0.43184
1.0
0.794219
0.295196
0.114259
0.0271755
0.861715
0.992943
0.538698
0.605639
0.961932
0.814574
0.67699
1.0
1.0
0.990061
0.516599
0.000426025
0.99919
0.7394
0.898903
1.0
0.977525
1.0
1.0
0.0233834
1.0
1.0
0.217811
0.999928
0.727761
0.210401
0.991087
0.95762
0.0853315
0.709614
0.852227
0.889966
0.997654
0.987416
0.153223
0.736668
0.999996
-0.0382616
1.0
0.845563
0.337526
0.798054
0.989045
1.0
0.0903034
0.217424
0.837412
0.0127585
0.992947
0.420038
0.810158
0.514895
0.708028
1.0
0.998806
0.735399
0.99938
0.712877
0.707612
0.00131425
0.979603
0.989357
0.513424
0.761539
1.0
0.99961
0.188927
0.668705
0.80416
0.998684
0.957382
0.558271
0.04116
0.711628
0.451094
0.804372
0.995135
0.0988043
0.447874
1.0
0.920115
0.458623
0.489339
0.685748
0.727342
0.628784
0.997294
0.932176
0.838248
0.146611
0.990372
0.79724
0.141873
0.756702
0.705475
0.20492
0.327862
0.431879
0.988922
0.813444
0.863453
0.721295
0.940858
0.97458
0.220695
0.641813
0.999966
0.919377
0.03013
0.74171
0.706394
0.821202
0.251286
0.926423
0.750808
0.814942
0.584093
0.114722
0.998989
0.736984
0.405048
0.993322
0.743677
0.123114
1.0
0.714571
0.899934
0.690733
0.589771
0.779041
1.0
0.999998
0.998186
0.659186
0.938956
0.99469
0.999958
0.995778
1.0
0.272547
0.94586
1.0
0.0161397
0.538763
0.580845
0.919887
0.707805
0.94068
-0.00358051
0.579885
0.882133
0.00606893
0.747544
1.0
1.0
0.818405
0.761383
0.152544
0.998861
1.0
0.435858
0.049485
0.997397
0.753758
0.776701
0.0197931
0.150589
1.0
0.357784
0.908985
1.0
0.5776
0.505954
0.981083
0.691467
0.760568
0.486751
1.0
0.99953
0.999427
0.512213
0.999118
0.804418
0.977235
0.999959
0.998934
0.999991
0.82449
0.790022
0.999927
0.813954
0.495904
1.0
0.733829
0.26175
0.879702
0.667215
0.625905
1.0
0.359291
1.0
0.819736
0.987561
0.49892
1.0
0.139937
0.103715
0.023924
0.902718
0.978863
0.700581
0.697679
0.756674
0.181773
0.744071
0.922075
0.992923
0.366547
0.742659
0.77086
0.759982
-0.0296033
0.989001
0.715753
1.0
0.997401
0.422829
0.737472
1.0
0.184044
0.70641
0.96404
0.999803
-0.000654682
0.0354801
0.465695
0.6524
0.864491
0.999979
0.610764
0.980259
0.701115
1.0
0.991848
0.730362
0.997939
0.999897
0.929176
0.228937
0.999888
1.0
0.69621
0.999844
0.475242
0.00908849
0.970631
0.990839
0.200682
1.0
0.999804
0.850834
0.141589
0.851165
0.549058
0.876123
0.535956
0.999996
0.465738
1.0
0.963112
0.86666
0.985434
0.0227291
0.999791
1.0
0.860477
0.738328
0.99982
0.705755
0.90973
0.191333
0.674911
0.716105
0.995104
0.99977
0.761798
0.999966
0.0438446
1.0
0.0303179
1.0
0.233131
0.0502474
0.725107
0.758275
1.0
0.773202
0.0563788
0.999995
1.0
0.99472
0.99925
1.0
0.124217
0.999979
0.586438
0.703988
0.4845
0.635141
0.597003
0.383321
0.713544
0.98393
0.410368
0.105925
0.398418
0.445939
0.151641
0.581889
1.0
0.653196
0.924092
0.442957
1.0
0.660507
1.0
0.0180439
1.0
0.700942
0.939008
1.0
0.906973
0.260178
1.0
0.694694
0.728712
0.574308
0.660389
1.0
0.478804
1.0
0.719245
0.0779023
0.398358
0.731509
0.19695
0.996854
0.365172
0.561223
0.742444
0.779596
0.99991
0.90146
0.988734
0.85012
0.999758
0.467765
0.777622
0.716593
0.024298
0.911454
1.0
0.575386
0.950017
1.0
0.87306
0.198017
0.511996
1.0
0.436031
0.999983
0.232399
0.158239
1.0
0.415165
1.0
0.0464051
0.754245
0.538129
0.420262
0.651318
0.618311
1.0
0.010462
0.999872
-0.00380676
0.731844
0.914617
0.984001
0.586533
1.0
0.0185609
0.999959
0.714665
0.619994
0.999907
0.521966
0.808697
0.0229602
0.523404
0.0765147
0.998559
-0.029795
0.99943
0.139393
0.477431
1.0
0.189594
0.00956067
0.155568
0.95135
1.0
0.970117
0.657656
0.820584
0.93536
0.555899
0.405245
0.977121
0.0207895
0.80753
0.981713
0.989112
0.995727
0.999982
0.756749
0.983921
0.873115
0.847994
0.454848
0.0830605
0.673532
0.711933
1.0
0.651194
0.225995
0.390212
0.812174
0.556528
-0.0470527
0.422639
1.0
0.695487
0.727976
0.942544
0.949572
0.999999
0.965095
-0.00181249
1.0
0.595052
0.608715
0.00441168
0.92154
0.86835
-0.0374717
0.711018
0.268568
1.0
0.994753
1.0
0.999727
0.267626
0.616591
0.677614
1.0
0.720825
0.999994
0.0653842
0.840646
1.0
0.0710405
1.0
1.0
0.999955
0.894371
0.995717
0.01076
0.160485
0.0482075
0.635856
0.517799
0.996174
0.416549
0.859837
6.6869e-07
1.0
0.034193
0.43605
0.999987
0.562521
1.0
0.672104
0.999809
1.0
0.9933
-0.0679842
0.62258
0.999723
0.0224453
0.959241
0.893922
1.0
0.0758961
1.0
0.636771
1.0
1.0
0.994423
1.0
0.49958
0.970331
0.545473
0.653579
0.256036
1.0
0.729247
0.949048
0.105823
0.0541378
0.791567
0.172602
1.0
0.301509
0.734667
1.0
0.854194
0.617752
0.299382
0.381555
1.0
1.0
0.999892
0.845901
0.986695
0.242729
0.999992
0.827267
0.0787421
0.708635
0.713479
1.0
-0.0618259
0.997116
0.368979
1.0
1.0
0.999866
0.0267948
0.459239
0.983652
0.960658
0.702754
0.999897
0.998633
0.988525
0.34969
0.717812
1.0
0.240697
0.777198
0.738037
0.825745
1.0
1.0
0.671698
0.03541
0.653259
0.221893
0.999994
1.0
1.0
0.99023
0.856177
0.807543
0.966826
0.549984
0.00723079
0.532899
0.918626
1.0
0.680456
0.422172
0.628503
0.699008
1.0
0.999353
0.939076
0.283647
1.0
0.926764
1.0
0.499095
0.850496
0.773703
0.999054
0.999383
0.343507
1.0
0.653615
1.0
0.818621
1.0
0.703177
0.475262
0.996346
0.0235407
0.511085
0.06047
0.999115
0.507609
0.0332706
0.997826
0.0828917
0.997167
0.558189
0.994397
0.52862
0.985099
0.501195
1.0
0.619801
0.858363
0.0810923
0.367824
0.99908
0.999609
0.707159
0.593278
0.821014
0.811872
1.0
0.734855
0.455386
0.496101
-0.000343873
0.914866
0.670786
0.999996
0.180379
0.254474
1.0
0.960968
0.0655053
0.999631
0.380722
0.656416
0.0020269
0.0398613
0.710373
0.62358
0.873764
0.923141
0.705965
1.0
0.735773
0.976006
0.764874
0.914798
1.0
0.555541
0.999885
0.999782
1.0
1.0
0.561136
0.999937
-0.111127
0.588955
0.341725
0.494001
0.678774
0.999202
0.00598821
0.857106
0.491944
1.0
0.999732
1.0
1.0
0.608845
1.0
0.0154676
1.0
0.719526
0.358971
1.0
0.0853793
0.821601
0.993518
0.649193
1.0
0.544514
0.0523793
0.120093
0.542107
0.842523
0.836444
0.996628
1.0
0.254994
0.16563
0.5598
0.642785
0.0329311
0.345891
0.604246
0.981583
0.558888
0.422148
0.219638
0.999779
1.0
0.0522868
0.99974
0.877385
0.944632
0.963666
0.642635
0.281904
1.0
1.0
0.709898
1.0
0.952734
0.925458
-0.0667043
0.999982
0.409318
0.98295
0.870644
0.0217571
0.242638
0.0819355
0.717324
1.0
0.546547
0.999966
0.78979
1.0
0.598195
0.999999
0.574562
0.997293
0.728682
0.71981
0.860135
0.953936
0.112817
0.999997
0.125118
0.7111
0.642207
0.584115
0.335901
0.594629
0.489569
0.999581
1.0
0.999956
0.999986
-0.0136186
0.632773
0.987853
1.0
0.987048
0.998259
0.710037
0.999898
0.867814
0.587502
0.995596
0.890617
0.999987
1.0
0.999979
0.658855
0.404917
0.127238
0.871974
0.605301
0.347706
0.818408
0.9996
0.0302897
0.999808
0.795992
1.0
0.999674
1.0
0.979894
0.359885
0.79648
0.951127
-0.00106173
0.600765
0.132981
0.996716
0.711199
0.995203
0.998386
0.694618
0.604604
0.830481
0.0329373
0.998846
0.462411
0.685127
0.622951
0.985194
0.842723
1.0
0.18205
0.50159
0.0155024
0.580103
0.172353
0.0337876
0.83328
0.74531
0.673219
1.0
0.930087
0.749191
0.810185
0.929613
0.991866
0.962204
0.713378
0.960916
1.0
0.467197
0.453547
0.646484
0.54365
0.283326
0.177864
0.987014
0.862555
0.999925
0.997638
0.00615314
0.989085
0.999975
0.998517
0.686569
0.742842
1.0
0.112882
1.0
0.885
1.0
1.0
0.284495
0.175531
0.976777
0.827778
0.639896
0.999981
1.0
0.707057
0.377678
0.997803
0.999737
0.266692
0.973181
0.411352
0.713232
1.0
0.34124
0.731218
1.0
0.925454
1.0
0.998426
0.0662394
0.999131
0.29678
0.317392
0.0862618
0.878959
0.0847088
1.0
0.999295
0.495713
0.722495
0.999775
0.999955
0.455488
0.686067
1.0
0.401532
0.703938
0.946418
0.780313
0.70223
0.961727
0.737728
0.020273
0.905813
0.872222
0.577245
0.997226
0.653254
0.447319
0.261642
0.999995
0.652198
0.0954881
0.837768
0.219609
0.90598
0.639364
0.997498
0.413618
0.691552
0.619827
0.829705
0.27527
1.0
0.0355003
0.999998
0.988031
0.921048
1.0
0.0197572
0.371399
0.828131
0.814074
0.999736
0.316324
0.987983
0.575274
0.809395
0.942544
0.820022
0.997625
0.026856
0.0617241
0.999984
0.626405
0.450121
0.568635
0.999672
0.00259439
1.0
1.0
0.642334
0.999944
0.241361
0.991362
0.421575
0.919844
0.813869
0.805267
1.0
0.517267
0.625798
0.999792
0.75493
0.419901
0.989557
0.834073
0.963259
0.387377
0.873743
0.900852
0.981365
0.643215
0.991262
0.608496
0.999466
0.970043
0.999867
0.301623
0.22979
1.0
0.991739
0.308375
0.99858
0.434479
0.838286
0.96047
0.998345
0.141444
0.597271
0.902112
0.807738
0.969479
0.959953
0.357477
0.866643
0.960858
0.996966
0.757224
0.828642
0.605902
0.715792
0.417497
0.385157
0.701967
0.682794
1.0
0.697498
0.962086
0.953642
0.0390149
0.0262311
0.760275
0.762979
0.659167
0.820223
0.344271
0.997543
0.970529
0.729282
0.632326
0.90806
0.999862
0.964768
0.995861
1.0
0.719665
1.0
1.0
0.7889
0.710361
0.867891
0.767633
0.844529
0.999996
0.703615
0.275572
0.998802
0.984912
0.191572
0.0697134
0.177889
0.370078
0.999615
0.473454
0.0367479
0.707089
0.500226
0.81427
0.137364
0.973279
0.810258
0.818337
0.805928
0.0191752
0.533101
0.986213
0.999463
0.999282
0.999814
0.518555
0.95769
1.0
0.146965
0.718368
1.0
0.3603
0.034578
0.410123
0.744287
1.0
0.866222
0.727365
0.999861
0.56298
0.8683
0.717851
0.993314
0.99416
0.714849
0.104947
1.0
0.527043
-0.0357709
0.943053
1.0
0.829978
1.0
0.998282
0.0773822
0.577245
0.75386
1.0
0.842157
0.888496
0.994706
-0.00101261
0.10324
0.729056
1.0
0.0298161
0.999982
0.0289012
0.824262
0.0645841
0.407578
0.794884
0.999785
0.860414
0.998769
0.211209
0.0112474
0.814401
0.998123
0.667443
1.0
1.0
0.96309
0.999559
0.999423
1.0
0.994938
0.817485
1.0
0.479811
0.811171
0.711289
0.81531
0.844677
0.999637
0.411197
0.999999
1.0
0.0558231
0.87136
0.451821
0.0186627
0.510692
0.717789
0.999944
1.0
0.404964
0.947642
0.847225
0.734228
0.994549
0.959398
0.999412
0.999947
0.804532
0.409368
0.995549
0.00800427
0.797011
0.00695321
1.0
0.100791
1.0
1.0
0.800004
0.911102
0.557651
0.414735
0.727505
0.731946
0.246566
0.977292
0.834547
0.482459
0.00694851
0.999127
0.00790426
0.998458
1.0
1.0
0.865181
0.729156
0.0322713
0.0171319
0.595291
0.189952
0.53959
0.882767
1.0
0.245176
0.581138
0.183125
1.0
0.996244
0.613195
0.59139
0.100728
0.720687
0.592058
0.88266
0.786842
0.991713
0.831817
1.0
0.862891
1.0
0.998796
0.930241
0.828639
0.690018
0.653007
0.0446668
0.994587
1.0
0.730299
0.0893208
0.995195
0.669182
0.801747
0.711877
0.435131
0.621302
0.999482
1.0
1.0
0.571719
0.996176
0.997605
0.999971
1.0
1.0
0.999497
0.997583
0.873264
0.997892
0.103215
0.999915
0.996646
0.996996
0.99972
0.327518
0.0157153
0.794247
0.631626
0.41317
1.0
0.999977
0.0631272
0.775279
0.977956
0.765451
0.997934
0.999565
0.286983
0.650731
0.0789478
0.999972
0.801589
0.998867
1.0
0.997779
0.296498
0.703339
0.999972
0.708256
0.893786
0.979906
0.651629
1.0
0.884592
0.237848
1.0
0.990151
0.740403
0.947363
0.448173
0.371895
0.143692
0.845368
1.0
0.999958
0.66948
0.399941
0.334796
0.567303
0.744158
0.699221
0.475829
0.896883
0.0007916
1.0
0.75617
0.438968
1.0
1.0
0.689728
0.999624
1.0
0.617284
0.0597973
1.0
0.676703
1.0
0.972563
0.98477
0.996324
0.826728
1.0
1.0
0.999998
0.999628
0.993407
0.983735
0.748328
0.827137
1.0
0.806175
-0.00737548
0.814877
0.350356
0.721447
0.999983
0.822712
0.0809668
0.406986
-0.201739
0.487881
0.652993
0.999825
0.0413915
1.0
0.999739
0.999832
0.890325
0.509017
0.873258
0.984852
0.509574
0.754025
0.194517
0.995243
0.592211
0.860776
0.0783422
0.761841
0.998867
0.998159
0.787211
0.938649
0.503242
0.997354
0.929702
0.962514
0.676834
0.260725
0.566418
0.995902
0.508446
0.669148
0.999468
0.230371
0.288046
0.999991
0.999199
0.991039
0.820552
0.322567
0.940635
0.984373
0.70962
0.147784
0.789418
0.781748
0.85771
0.995571
0.999996
1.0
0.996773
0.843436
0.29101
0.109913
0.851165
0.697311
0.507763
0.709107
1.0
0.888744
0.86497
0.825316
0.27386
1.0
0.976756
1.0
0.510727
0.482064
0.611987
0.99969
0.85062
0.998735
0.803387
0.974856
0.594671
0.76112
0.770506
0.742444
0.70692
0.983739
0.797701
1.0
0.777941
0.812888
0.999548
1.0
0.678415
0.741674
0.0604152
1.0
0.796135
0.9946
0.707807
0.026265
0.927036
0.975801
1.0
0.794734
0.579293
0.996906
0.842063
0.634119
0.346723
0.969488
0.991356
1.0
0.748888
0.996613
0.999979
0.708356
0.219269
0.999607
0.388458
0.796293
0.610361
0.47383
0.865367
0.871895
0.9046
1.0
0.711589
0.690905
0.803024
0.375898
1.0
0.709692
0.868678
0.28294
0.122714
0.925694
0.520562
0.999972
0.999116
0.728951
0.995348
0.807172
0.814165
0.980148
1.0
0.864349
1.0
0.695033
0.35258
1.0
0.712786
0.982941
0.59807
0.702347
1.0
0.821646
0.999876
0.593399
0.997289
0.999075
0.566988
0.742716
0.732909
0.99964
0.746685
0.584351
0.995827
0.720584
0.839165
0.273561
0.992102
0.990032
0.934573
0.999934
0.983548
0.418732
1.0
0.817372
0.721318
0.997758
0.726006
0.178518
1.0
0.638199
0.999347
0.681572
0.76912
0.766952
0.229163
0.726263
1.0
0.999999
0.657457
1.0
-0.207451
1.0
1.0
1.0
0.386904
0.0792558
0.324037
1.0
0.723935
0.517433
0.231461
0.680469
0.365055
0.485101
1.0
0.514254
0.195254
0.998541
0.143445
0.99991
0.0402771
0.789785
0.591467
0.434093
0.99932
0.530111
0.329004
0.608735
0.71494
0.627937
0.999966
0.375069
0.678721
0.0788426
0.996864
0.786307
0.0272332
0.939404
0.664434
0.998232
0.998829
0.986116
0.632594
0.0281613
1.0
0.998939
0.999807
0.99497
0.991205
0.821986
0.948007
0.996361
0.407466
0.686856
0.999996
0.961025
0.917431
0.632834
1.0
0.825343
1.0
0.670306
0.999873
0.267412
0.259968
0.704507
0.584762
0.170391
0.356369
0.131516
0.190024
0.0568076
0.999956
1.0
0.736596
0.636909
0.0594747
0.429149
0.16216
0.738742
0.074971
0.996174
0.663667
0.738972
1.0
0.714189
0.252779
0.933385
0.333153
0.999955
0.0601755
0.146947
0.783308
0.863596
0.998381
0.902204
0.168585
0.99999
1.0
1.0
0.130663
0.706609
0.98011
0.815396
0.16973
1.0
0.981185
1.0
0.993408
0.739852
1.0
1.0
0.638645
0.998143
0.68447
1.0
0.581933
0.413673
0.76452
0.999428
0.822636
0.533032
0.685732
0.649281
1.0
0.43034
0.984381
1.0
1.0
1.0
0.998324
0.608651
0.228431
0.754015
0.46551
0.520163
0.999925
0.505301
0.629721
0.998691
0.791358
0.406065
0.922295
1.0
0.376041
0.995253
0.145214
0.00764061
0.541852
0.346756
0.865808
0.0124391
0.646988
1.0
0.0617352
0.0120102
1.0
1.0
0.7905
1.0
1.0
0.759797
0.999132
0.68479
0.194696
0.840745
0.00332366
0.871743
0.00628803
0.976167
0.329729
0.858247
0.494075
0.334597
0.691447
0.843338
0.483246
0.0557091
1.0
0.987923
1.0
0.993546
0.792817
1.0
0.0241133
1.0
0.0472217
0.524648
0.751302
0.269451
0.300467
0.176124
1.0
0.684944
-0.00878011
0.799097
0.981517
0.861375
0.72246
1.0
0.685254
0.999625
0.682929
-0.0221307
0.721762
0.594851
1.0
0.715611
0.896275
0.999998
0.729203
0.997063
0.989808
0.181715
0.708352
0.91727
0.0269354
1.0
0.177944
0.883901
0.715768
-0.0118095
0.320088
0.70572
0.816393
0.797348
1.0
0.99995
1.0
0.997716
0.999914
0.999878
1.0
0.999468
0.978583
0.316754
-0.00996717
0.999992
0.306134
1.0
0.441024
1.0
0.712827
0.424961
1.0
1.0
0.569861
0.533911
0.876763
0.0246237
0.801429
0.824885
0.999626
0.997245
0.427057
0.788353
0.197461
0.0364354
0.72475
0.372367
0.620142
1.0
0.999986
0.148386
0.819526
0.995704
0.995205
0.682566
0.987266
0.776326
0.441395
0.709451
0.437441
0.94113
0.0343804
1.0
0.00935669
1.0
0.160455
0.841862
0.421311
1.0
0.517189
0.975426
0.943413
0.31413
0.0679216
1.0
0.992486
0.999082
0.769185
1.0
0.634699
0.811808
1.0
0.351134
0.969226
1.0
0.833387
0.82535
0.822467
0.810976
0.000302645
0.596881
1.0
1.0
0.379026
0.213658
0.945593
1.0
0.723752
0.392531
1.0
1.0
0.204198
1.0
0.718919
0.577085
0.986444
0.0274195
0.915691
0.0862072
0.811006
0.740252
0.449616
0.593893
0.999999
0.549027
0.999743
0.999952
0.998975
0.981312
0.72734
0.00851658
0.999999
1.0
0.685051
0.780208
0.543799
0.0541921
0.580671
0.697426
0.471509
1.0
0.998532
0.999989
0.0821882
0.0614203
0.999903
0.695611
0.823413
0.999924
1.0
1.0
0.176655
0.999991
0.748521
0.993882
0.513634
0.83576
0.536072
0.290667
0.999829
0.57638
0.999999
0.81102
0.861445
0.999942
0.293467
0.423369
0.77108
0.162777
0.99996
0.216674
0.754197
0.982059
0.0822348
0.981624
0.813942
0.0963091
0.507807
1.0
0.0240829
0.246012
0.788643
0.999939
0.781367
0.983935
0.106035
0.279688
0.796867
0.998327
0.659554
1.0
0.751037
0.999817
0.618681
0.999993
1.0
0.888967
1.0
0.999862
1.0
0.871118
0.988501
0.312613
0.105407
0.648279
0.999877
0.575815
0.258057
1.0
0.631215
0.704381
0.561236
0.400891
0.745632
0.999998
0.958613
0.834846
0.824554
0.0159815
0.807139
0.809744
0.237771
0.922901
0.913767
1.0
0.788961
0.999988
0.570175
1.0
0.871069
0.944567
0.492608
0.807895
0.278421
1.0
0.922449
1.0
0.948615
0.269644
0.575669
1.0
0.34609
1.0
0.999182
0.999837
1.0
0.999949
0.994123
1.0
0.775679
0.294985
0.644639
0.523577
0.0555451
0.468909
0.876355
0.0283234
0.559605
1.0
0.340822
1.0
0.995396
0.99875
0.00794826
0.852564
0.962525
0.747339
0.468977
0.986957
0.255779
0.628108
0.678626
0.0138807
0.0365959
1.0
0.440472
0.519504
0.908479
0.412752
0.119166
0.846961
0.57945
0.815748
0.820103
0.778928
0.999996
0.738067
0.949623
0.825603
0.0297635
0.364208
0.525749
1.0
0.603468
0.710349
-0.019172
0.581399
0.96025
1.0
0.990161
0.00948826
0.99823
0.855717
1.0
0.118409
0.587355
0.999977
0.483692
0.991117
0.863856
0.582379
0.207938
0.998391
0.846155
0.940439
0.99776
0.685156
0.996035
0.999738
0.688953
0.998987
0.99995
0.999879
0.338979
0.999863
0.0366355
1.0
0.0135949
0.0406556
0.199183
0.999266
0.89211
0.866178
0.511991
0.262841
0.992503
0.306786
1.0
0.310372
0.335981
0.995087
0.998417
0.843045
1.0
0.0819325
0.71391
0.967425
0.436654
0.987836
0.852819
0.999886
1.0
0.413913
0.993909
0.830072
0.744431
0.868161
0.988655
1.0
0.748527
0.997684
1.0
0.589068
1.0
0.875878
0.48409
0.0995709
0.99986
0.999898
1.0
0.294914
0.330641
0.807497
0.820937
0.996908
1.0
0.880948
0.989907
0.996343
0.665061
0.999406
0.0545736
1.0
0.999103
0.523203
0.62869
1.0
1.0
0.829712
0.207465
1.0
0.089775
0.819618
0.555009
0.90205
0.557392
0.025556
0.889678
0.770006
0.865352
0.0892318
0.878617
0.736776
0.998108
1.0
0.999355
0.585624
1.0
0.886858
0.224028
0.833061
0.700297
0.46839
0.486895
0.322543
1.0
0.752972
0.107243
0.0493647
0.491175
1.0
0.996994
0.994214
0.690522
0.684512
0.708565
0.280176
1.0
0.86938
1.0
0.922677
1.0
0.490648
0.0225014
0.347635
0.179408
0.710439
0.975514
0.103206
0.93512
0.662133
0.999998
0.968282
0.955289
0.999999
0.00493281
0.975477
0.999928
0.91277
0.999803
0.81804
1.0
0.178372
0.771635
0.161352
0.999116
0.746982
0.466355
0.99955
0.809268
0.937664
0.539896
0.731519
0.726859
0.769597
0.133389
0.998456
0.872742
0.0299788
0.227413
1.0
0.707779
0.38576
1.0
0.540537
0.116935
0.997711
1.0
0.210324
1.0
0.48611
1.0
0.13429
0.741931
0.397914
0.820278
0.828209
0.735795
0.999117
0.848017
0.964336
1.0
1.0
0.830544
1.0
0.980107
0.254413
1.0
0.973637
1.0
0.999695
0.998613
0.903053
0.997871
0.0772405
0.999886
0.0267542
0.905168
0.664408
0.00405575
1.0
0.987668
0.406062
1.0
1.0
0.996364
0.856028
0.722868
0.998451
0.807209
0.868743
1.0
0.0309739
1.0
0.82874
0.289048
0.491607
0.0802129
0.0504421
0.999996
0.519768
0.998754
1.0
0.152067
0.0333948
0.702629
1.0
1.0
0.881988
0.231011
0.44734
1.0
0.983918
0.66384
0.69786
1.0
0.666082
0.960809
0.611751
1.0
1.0
0.992744
0.604519
0.0342717
0.99143
0.999918
0.182075
0.821691
0.996754
0.274608
0.998242
0.930537
1.0
0.99709
1.0
0.99796
0.822819
0.32196
0.976816
1.0
0.828357
0.97997
1.0
0.508935
0.65224
0.946729
0.999996
0.70507
0.999997
0.420085
1.0
0.472742
0.0448302
0.486629
0.999989
0.844134
0.996821
0.946714
0.246153
0.161263
0.834691
0.659701
0.99841
0.964803
0.21283
0.999904
0.51944
0.94251
0.0369769
0.75621
0.830445
0.141429
0.440716
0.868523
0.966049
0.829777
0.81435
0.562005
0.694003
0.784181
0.354722
0.999171
0.736526
0.159456
0.999961
0.065996
0.562115
1.0
0.411707
0.190979
0.782513
0.999918
0.99976
0.102585
0.999318
0.145585
0.999794
0.999988
1.0
0.954541
0.97567
0.998518
-0.138582
0.815415
0.999847
1.0
0.768329
0.740921
0.46835
1.0
1.0
1.0
0.999699
1.0
0.999997
0.766752
0.999866
1.0
0.706074
1.0
0.573883
0.309831
1.0
1.0
0.574234
0.992292
0.852614
-0.00439268
0.998305
0.970271
0.388916
0.0281868
0.999874
1.0
0.826334
0.202623
1.0
0.088978
0.497263
1.0
0.987942
0.997783
0.589029
0.518158
0.0116726
0.999375
0.265813
0.761124
0.718443
0.999822
0.417565
0.691558
0.893331
0.989908
0.709568
0.99853
0.863107
0.986305
0.320893
1.0
0.31527
0.996604
0.83414
1.0
0.532543
1.0
0.999806
0.990625
1.0
0.999824
0.997136
0.599092
0.393827
0.999795
0.874065
0.999953
1.0
-0.100826
0.979378
0.999999
0.809359
0.866935
0.999286
0.525798
0.720567
0.161007
0.992035
0.120535
0.998422
0.856921
0.736827
0.143312
0.999085
0.0186502
0.999989
0.0784791
1.0
0.999925
0.707868
0.503051
0.52396
0.712936
0.589063
0.990899
0.0870923
1.0
0.0154856
0.44195
1.0
0.999241
1.0
0.99759
0.229184
0.0876925
0.900712
0.703899
0.665897
0.988513
0.721349
1.0
1.0
0.847238
0.998967
0.207106
0.685271
0.776942
0.466098
0.958518
0.99977
0.986691
1.0
0.998993
0.993295
0.912956
0.930431
1.0
1.0
0.025554
0.588625
0.994791
0.997091
1.0
0.0151435
0.0967509
0.831406
0.509688
0.987864
0.834747
0.842495
0.169814
0.893292
1.0
0.453817
0.535405
0.401904
0.9999
0.995228
0.999996
0.998897
0.721331
0.0497716
0.164981
0.547744
0.0143518
0.710258
0.993302
1.0
0.999999
0.633721
0.667157
0.0828465
0.291826
1.0
0.95517
1.0
0.644363
0.766052
0.142869
0.999924
0.382932
0.999976
0.181797
0.752771
0.672566
0.0298192
1.0
1.0
0.993184
0.839728
0.00759879
1.0
0.994592
0.989394
0.994402
0.998501
0.99969
0.999985
0.214452
0.996376
0.963614
0.721845
0.885624
-0.0741692
0.274844
0.998578
0.648634
0.998378
0.999548
0.999159
0.0618837
0.763116
0.550335
0.712461
0.00798987
0.885129
0.735555
0.216861
0.954535
0.999169
0.717378
0.868874
0.0282447
0.497519
0.843142
0.998619
0.580687
0.40362
0.388196
0.740101
1.0
1.0
0.954459
1.0
0.674649
0.0853596
0.952686
0.190845
1.0
0.855985
0.99947
0.839603
0.974575
0.999695
0.999969
0.882764
-0.0133725
0.245105
0.132281
0.874338
0.879107
0.999918
0.673454
0.48056
0.72737
0.993885
0.273434
0.827149
0.615052
0.996215
0.37643
0.34635
0.857751
0.64324
1.0
0.855744
0.758305
0.997501
0.28056
0.0803036
0.600402
0.997865
0.363274
0.142902
0.77993
0.180252
0.790053
0.152441
0.998019
0.999913
0.999965
0.351361
1.0
0.983095
0.997624
0.999623
0.998401
0.999965
0.828819
0.99855
0.999992
0.999761
0.604491
0.52516
0.197188
0.735573
0.999385
0.996349
0.611951
0.805703
0.647994
1.0
0.117368
0.713892
0.239427
1.0
0.778676
0.0164147
0.561899
1.0
0.999272
0.822758
1.0
0.714733
0.996737
0.607778
0.81518
0.399708
0.634036
0.691865
0.0660754
0.706678
0.795668
0.796271
0.153127
0.817401
0.998884
0.576985
0.733838
0.871529
0.551951
0.999807
0.745706
0.987937
0.672185
0.433163
0.975115
0.816703
0.983798
0.171348
0.756135
0.791567
0.996396
0.536067
1.0
0.826674
0.134199
0.353563
0.27194
0.815479
0.721378
0.459037
0.996285
1.0
0.702968
0.996802
0.994435
0.312728
0.597021
0.754125
0.864351
0.998254
0.860793
0.283153
0.207498
0.241043
-0.0318648
1.0
0.790849
0.998868
0.66133
0.753457
0.999998
0.169186
0.999494
0.774593
0.159901
1.0
0.486144
0.847899
0.814062
0.904576
0.0
0.988567
0.999533
0.999082
0.999995
0.357944
1.0
0.913972
0.942715
0.9997
0.835597
0.526691
0.821664
0.996731
0.999957
0.71799
1.0
0.684101
0.80804
0.0224829
0.122497
0.229403
0.993477
0.830587
0.761525
0.206807
0.99969
0.880741
0.982101
0.679209
0.999693
0.555404
0.76882
0.972643
1.0
1.0
0.865809
0.947636
0.549947
0.803161
1.0
0.866514
0.452704
0.989013
0.0593401
0.997199
0.477964
0.653481
0.830056
1.0
0.656901
0.854209
0.587137
0.783264
0.072055
0.222358
0.740474
1.0
1.0
0.440201
0.586789
-0.000613497
0.653674
0.998068
0.999987
0.723938
0.86967
0.262547
0.991007
0.993769
0.0270032
0.618147
1.0
0.867079
0.704626
0.0594809
1.0
0.111755
0.99949
0.154776
0.711939
0.999992
1.0
0.75054
0.996539
0.999943
0.998159
0.744191
0.722598
0.475699
0.999842
0.44143
0.472973
0.513208
0.710737
0.255596
1.0
0.996965
0.353659
0.999953
0.923916
0.663707
0.999557
0.793885
0.754878
0.999778
0.707538
0.662736
0.866959
0.436479
0.681796
0.999994
0.0889504
0.936657
0.998947
0.767522
0.0785995
0.0781963
0.027507
0.282418
0.724978
0.859115
0.603632
0.824686
0.162516
0.712468
0.0272769
0.608842
0.990615
0.822121
1.0
0.999986
0.648385
0.0123995
0.999926
-0.0135087
0.949884
0.0423316
1.0
0.999972
0.120709
0.214359
0.45286
0.0395147
0.99857
0.927897
0.989403
0.991959
0.281005
1.0
0.90017
0.268425
0.999999
0.00457775
0.038207
0.935876
0.865115
0.999387
0.869788
0.746756
0.996632
0.875978
0.805857
0.664889
0.888817
0.912083
0.989367
1.0
-0.00976895
0.736496
0.590914
0.719169
0.732297
0.999942
0.588231
0.821378
0.737099
0.855677
0.888495
0.845199
0.674459
0.994417
0.942324
1.0
0.982951
0.993499
0.96631
0.745183
0.338468
0.268043
0.139499
0.0946328
0.255895
0.468666
0.717316
0.0121808
0.673232
0.00537897
0.968795
1.0
0.557665
0.722876
0.999606
0.071516
0.605398
0.0436232
0.0176197
1.0
1.0
0.991598
-0.00843271
0.848393
1.0
1.0
0.291625
0.399589
0.651425
0.999999
0.43434
-0.00140838
0.633623
0.158744
0.811665
0.983568
0.999699
0.220286
0.639754
0.978951
0.930168
0.059438
0.845452
0.954514
0.728592
0.172016
1.0
0.210994
0.699175
0.572924
-0.00261961
0.024842
1.0
1.0
0.194477
0.435081
0.731218
0.987194
0.817388
0.944926
0.589281
0.991729
0.997617
0.736559
1.0
0.0961285
1.0
0.999893
0.999981
0.0152748
-0.000527313
0.999997
0.892727
1.0
0.823146
0.851394
0.158297
0.999518
0.704416
0.823028
0.6725
0.748985
0.0601078
0.541769
1.0
0.943072
0.520432
0.678029
0.999979
0.202903
0.447087
0.984456
0.133173
0.447265
0.987371
0.00431572
0.998485
0.969539
0.996152
1.0
0.999991
1.0
0.8248
0.0735476
0.0275778
1.0
1.0
0.706162
0.710955
0.792238
0.996154
0.993696
0.925995
0.679585
0.785225
0.979562
0.700526
0.725282
0.615637
0.657669
0.339169
0.688878
0.707744
0.183101
0.98688
0.712618
1.0
0.994934
0.821698
0.0844109
0.893741
0.818997
0.36184
0.998403
0.989467
0.0183241
0.999909
0.991991
0.627299
1.0
1.0
1.0
0.984965
0.954336
0.740248
1.0
1.0
0.955427
0.996149
0.565033
0.503424
0.821287
0.800239
1.0
0.717286
0.783652
0.744304
-0.00982633
0.942955
0.639124
0.997172
0.664988
0.686833
0.947658
0.704379
0.00514683
0.832927
0.965876
0.19922
0.381564
0.750417
0.9189
0.995508
0.237843
0.0937622
0.999996
0.458771
0.999845
0.525032
0.0487913
0.795778
0.0198011
0.799988
0.971274
0.901748
0.7483
0.372451
0.999184
0.999846
0.999506
0.584732
0.748521
0.830065
0.2207
0.807588
0.635762
0.990383
0.999913
0.185991
0.439834
1.0
0.81129
0.998843
0.92391
0.863119
1.0
0.622123
0.827631
0.999912
1.0
0.0603765
0.304438
0.300337
1.0
0.634
1.0
0.903433
0.832025
0.644337
1.0
0.426557
0.0637892
0.597128
0.102065
0.996966
1.0
0.953899
0.981548
1.0
0.775476
1.0
1.0
0.971049
0.247686
0.846582
0.718413
1.0
0.344284
0.723559
0.999031
0.88575
0.813579
0.198601
0.928676
0.998677
0.673094
1.0
0.909976
0.720712
0.853584
0.242479
0.706473
0.987914
0.996302
0.945228
0.99988
0.823671
0.0589615
0.998405
0.462071
0.999902
0.61406
0.0600059
0.694924
1.0
0.116842
0.939037
0.999964
0.845682
0.0171636
0.72173
0.014204
0.949532
0.647787
1.0
0.999919
0.937907
0.99993
0.882215
1.0
0.730343
0.684724
0.617573
0.0942498
0.50142
1.0
0.137158
0.90009
0.568187
0.0862106
0.998543
0.0749453
0.756326
0.135628
1.0
0.327262
0.726528
0.600316
0.579174
0.38087
0.927123
0.99944
0.618654
0.308792
0.594837
0.175833
0.999789
0.992042
1.0
0.767864
0.975127
0.340991
0.0618464
0.998915
0.214695
1.0
0.990904
0.723096
0.999938
0.673135
0.999677
0.825415
0.130162
0.646185
0.999058
0.385106
0.999587
0.0831991
0.0973035
0.568844
1.0
0.569885
0.898851
0.992892
0.0767929
1.0
0.732328
0.999584
0.99985
0.99876
0.999861
0.145569
0.999299
0.862439
0.999883
0.493229
0.192685
0.999963
0.999979
0.436506
0.41367
0.999271
0.254287
0.624561
0.145561
0.751749
0.297471
0.0144813
0.866343
0.248569
0.0492273
0.473248
0.722573
0.600069
0.982762
1.0
0.947387
0.545643
0.996613
0.826581
0.243117
0.163394
0.00114078
0.0531233
0.863895
0.215627
0.981395
0.745906
0.826189
0.546374
0.763681
0.997864
0.605407
0.50477
0.999905
-0.00382732
0.992737
0.999945
-0.00139786
0.152065
0.206883
0.0875958
0.764545
0.686776
0.0341345
-0.0296948
0.991352
1.0
0.497963
0.591926
0.630679
0.997929
0.950619
1.0
0.95897
0.227243
0.601516
0.586656
0.99973
0.775164
0.687236
0.999908
0.267688
0.802397
0.999864
1.0
0.73432
0.260483
0.99789
0.907316
1.0
0.991861
0.999817
0.228255
0.843569
0.233507
0.999932
0.584449
1.0
0.742633
0.99802
0.861234
0.33126
0.999015
0.975285
0.84049
0.491094
0.758134
0.0202253
0.439908
0.848961
1.0
0.0308433
0.325918
0.537812
0.810134
0.0230013
0.101749
0.545748
1.0
0.857887
0.998213
0.356128
1.0
0.298024
0.536706
0.862756
0.722386
0.99399
0.710193
-0.0126181
1.0
0.465054
0.332752
0.121243
0.996009
0.999711
0.88026
0.67157
0.694432
0.632861
0.988149
0.996767
0.0398423
0.917981
0.999931
0.324365
0.999368
0.966898
0.997129
1.0
0.0455843
0.943097
1.0
1.0
0.686901
0.714319
0.995825
0.646214
1.0
0.472009
0.717839
0.69632
0.826954
0.864797
0.710012
0.833832
1.0
1.0
0.716357
1.0
0.726063
0.999914
0.999499
0.999837
0.813952
0.667067
0.882726
0.0485328
0.521
0.135564
0.023965
0.0376514
0.907566
0.969848
0.994245
0.599929
0.99992
1.0
0.999725
0.813764
0.995857
0.812133
0.903828
0.468837
0.981653
1.0
0.814073
0.896362
0.0826222
0.487854
0.162739
0.999985
1.0
0.477691
0.992569
0.975127
0.0978083
0.755962
0.807405
0.356577
0.0642368
0.0183871
0.921301
0.959235
0.969761
0.108515
0.0984321
1.0
0.814881
0.195823
1.0
0.892635
0.996902
0.0899691
0.567246
0.487596
0.99979
0.232773
0.501477
0.812022
0.0264793
0.663348
0.0580527
0.99909
0.0977577
0.999734
0.880853
0.582796
0.988113
0.733976
0.993913
0.0
0.777159
0.28223
1.0
0.62946
1.0
0.733823
0.0742724
0.211062
0.998691
0.892026
0.999624
0.772355
0.995639
1.0
0.00746806
0.698563
0.557613
0.765181
0.68998
0.991589
-0.0137933
0.999997
0.707745
0.378527
0.0511107
0.632674
0.825138
0.861688
0.012493
0.928807
0.893648
0.997703
0.759821
0.885155
0.642092
0.698622
0.948341
0.997276
1.0
0.993956
1.0
0.0200478
0.648191
0.999883
0.711498
0.432605
0.191738
0.469126
0.409617
0.807336
0.0675982
0.995673
0.51691
0.999456
0.172613
0.676492
1.0
0.997775
1.0
0.590346
0.926949
0.996253
1.0
0.14178
0.999779
0.771761
1.0
0.26236
0.497146
0.856119
0.000954825
1.0
1.0
0.0792922
1.0
0.999791
0.706213
0.57269
0.34262
0.0818766
0.0136165
0.99972
0.822749
0.0321819
0.998288
0.525014
0.999938
1.0
0.570818
0.847954
0.191833
0.893709
1.0
0.833304
1.0
0.460909
0.999545
0.963579
0.0485747
0.847145
0.0243632
0.880687
1.0
0.104535
0.0714566
0.999283
0.887173
0.999663
1.0
0.998908
0.243844
0.836227
0.997924
0.606529
0.183314
0.999743
0.998324
0.299773
0.141573
0.914682
0.661716
0.798491
0.997051
0.999398
1.0
0.265322
1.0
0.960832
0.00962542
0.0313562
0.73883
0.989841
1.0
0.703784
0.0174462
0.64592
0.42941
0.971745
0.71559
0.98996
0.995355
0.0676475
0.991627
1.0
0.390207
0.320375
0.996644
1.0
0.0673093
0.999987
0.880794
0.28552
0.679399
0.497348
0.349908
0.605312
0.994958
0.994383
0.999599
0.992599
0.950508
0.712951
0.294971
0.823706
0.991297
1.0
0.627643
0.994818
0.144594
0.84124
0.993517
0.999466
0.771641
0.945614
0.557111
0.186088
0.856628
0.596236
0.679963
1.0
0.146629
1.0
1.0
0.798862
0.931884
0.913169
0.951609
1.0
0.999353
0.700719
1.0
0.951119
0.683877
0.599387
0.368609
0.998877
0.999081
0.720255
0.835981
0.997299
0.0663154
0.98731
0.999942
0.171586
1.0
0.705579
1.0
0.890961
1.0
0.606042
0.380763
0.149862
0.999999
0.624398
1.0
0.759014
0.762622
0.96334
0.996548
0.689595
0.559573
0.592543
0.872081
0.652447
0.999534
0.297487
1.0
0.690343
0.819866
1.0
1.0
0.477182
0.641619
0.980227
1.0
1.0
0.98872
0.980924
0.999979
0.846966
0.988708
0.999077
-0.0329685
0.460936
0.152551
1.0
0.711628
0.895431
0.847026
0.985315
0.999839
0.6095
0.999952
0.999993
0.272203
0.76698
0.835138
0.809263
0.79451
1.0
1.0
1.0
1.0
0.897116
0.58225
0.0228259
0.778133
0.631185
-0.119002
1.0
0.4429
0.502953
0.951527
0.995511
1.0
0.991746
0.72102
0.173018
0.979279
1.0
0.460426
0.78191
0.881765
1.0
0.970564
0.601523
0.822051
0.317585
0.498979
0.719005
1.0
0.650925
0.996252
0.634758
1.0
0.156675
0.999895
0.805973
0.999735
0.649564
0.123032
0.940994
0.990972
0.998243
1.0
1.0
0.604886
0.99866
0.99958
0.360179
0.998832
0.385959
0.274133
0.355231
0.996289
0.62081
0.734626
0.886265
0.999931
0.703898
0.971652
0.795528
0.504021
1.0
0.829838
0.999967
0.88143
0.798698
0.994437
0.0388171
0.37819
0.457132
0.711075
0.676528
0.632225
1.0
0.985859
0.64001
0.990546
0.996502
0.371549
0.0696031
1.0
0.881669
0.635836
0.68316
0.117652
0.983073
0.99667
1.0
1.0
-0.0251212
0.999891
0.00303258
0.996602
0.978218
0.891408
1.0
0.996098
0.999574
0.987027
0.0760315
0.859127
0.289929
0.747951
0.914879
0.791874
0.16347
1.0
0.650968
0.165998
0.656796
1.0
0.761121
0.922674
0.515762
0.0191084
0.999997
0.999847
0.716179
1.0
0.968962
0.783121
1.0
0.78314
1.0
0.818275
0.0229557
0.999999
0.995397
0.594945
1.0
-0.00423414
0.0534348
0.993578
0.992151
1.0
0.991393
0.0104668
1.0
0.0287831
0.239946
0.0851754
0.736831
1.0
0.999982
0.0701621
0.832148
0.676643
0.695232
0.997649
0.999961
0.939043
0.96192
0.0200993
0.322372
0.995456
0.53056
0.976038
0.624815
0.981757
0.0800235
0.613823
0.742284
0.748093
0.994815
1.0
0.036888
0.672607
1.0
1.0
1.0
0.607352
0.995071
0.853583
0.198281
0.0334678
-0.00961085
0.821566
0.286479
1.0
0.882637
0.928833
0.0406624
0.510664
0.848072
0.0580776
0.579223
1.0
0.642532
0.157159
0.76768
0.707658
0.707878
0.98722
0.809456
0.78751
0.694233
0.698038
1.0
0.569392
0.827348
0.982749
0.306732
0.758538
0.974752
0.0235916
0.849656
0.223908
0.766174
0.806486
1.0
0.58336
0.709573
1.0
1.0
0.430844
0.00877385
0.725952
0.016029
0.563882
0.85059
0.957122
0.999992
0.998819
0.716443
0.999969
0.539353
0.332746
0.69344
0.836454
0.846881
0.00474852
0.080269
0.673068
1.0
0.999956
0.800142
0.88559
0.819939
0.239486
0.514526
0.321311
0.552463
1.0
0.999929
0.999636
1.0
0.55618
0.821075
0.185866
0.706906
0.821679
0.962349
0.822268
0.591701
0.999873
0.997804
0.983618
1.0
1.0
1.0
0.0297089
0.00414161
0.999998
0.126503
0.858347
0.526415
0.803506
0.999999
0.00792527
0.296676
0.999865
0.802865
0.999832
0.463151
0.0669432
0.659559
0.999861
0.71897
0.990188
0.871156
0.703339
0.290507
0.375925
0.990138
0.443132
0.84168
0.944691
1.0
1.0
0.515892
0.994282
1.0
0.999176
0.0526556
1.0
0.886221
0.804932
0.712352
0.625329
-0.0504124
0.707331
0.997152
0.991801
0.998239
0.999954
0.381977
0.25844
0.921445
0.220486
0.19455
0.882881
1.0
0.467579
0.957397
1.0
1.0
0.728987
0.860904
0.29634
1.0
0.406114
0.999935
0.917757
0.826119
0.0111938
0.98595
0.999488
1.0
0.999791
0.848041
1.0
0.6937
0.820066
0.998917
0.731882
0.699682
0.995344
0.0544557
-0.00324974
0.157721
0.703072
0.999938
0.873049
0.751639
0.673534
0.601927
0.790683
0.99693
0.52221
0.999786
0.951813
0.360658
0.31858
1.0
1.0
0.813979
0.0681105
0.194929
0.0127531
0.381129
0.391626
0.760006
0.339445
0.611218
0.990459
0.733058
0.643292
0.621585
0.999995
0.990322
0.978432
0.989374
0.214659
0.720071
0.00457819
0.999754
0.458675
0.472252
1.0
0.261035
0.999898
0.89262
-0.0570668
1.0
0.70885
0.99981
0.322519
0.99661
0.722526
0.762874
0.171875
0.579561
1.0
0.708064
0.139764
0.472816
0.662833
0.992317
0.670249
1.0
0.999889
0.821293
0.971602
0.982516
0.846483
0.566036
1.0
1.0
0.805959
0.875221
0.557579
0.998709
0.839026
0.422163
1.0
0.067833
0.561425
0.976326
0.992125
1.0
0.585453
0.706603
0.959407
0.760698
0.147063
0.348361
0.758398
0.209139
0.402926
0.824795
0.999946
-0.0336676
1.0
0.225687
1.0
0.999849
-0.0221898
0.676443
0.987608
0.979328
0.765609
0.999021
0.998565
0.999821
0.999981
0.951745
0.998601
-0.027822
0.249002
0.96274
0.727728
0.710083
0.847427
0.999479
0.724837
0.824483
0.999401
0.996831
0.785932
0.999345
0.824792
1.0
0.84625
0.921316
0.608192
0.657766
0.99815
1.0
0.932629
0.510191
0.993303
0.755382
0.458165
0.0213033
0.917916
0.133596
0.999808
0.726676
0.0593115
1.0
0.345174
0.796775
0.998475
1.0
0.0141061
0.969328
0.606653
1.0
0.861223
0.302341
0.953779
0.0257747
0.958161
1.0
0.664631
0.968727
0.0802313
0.936008
0.301072
1.0
0.999998
1.0
0.311844
1.0
1.0
1.0
0.0119655
0.741099
0.999983
0.0267087
0.999487
0.911361
0.984315
1.0
0.773549
0.517155
1.0
0.0387093
0.452648
0.581654
0.263097
0.992402
0.396616
0.926709
0.867167
0.538423
0.205904
0.683431
1.0
1.0
0.460538
0.182246
0.997522
0.00309622
0.857439
0.151546
0.999773
1.0
0.990028
0.958537
0.303477
0.232088
0.374184
0.923082
0.0803126
0.357655
0.99908
0.65026
1.0
0.999976
0.941799
0.680595
0.445765
0.0464401
0.846786
0.709069
0.335537
0.999977
0.348135
0.148205
1.0
0.0364419
1.0
0.80328
0.999768
0.752644
0.798923
0.500389
0.999985
0.191785
0.610525
0.158901
0.963664
0.86666
1.0
1.0
0.841745
0.596884
0.666346
1.0
0.710852
0.705709
0.988351
0.596885
0.971056
1.0
0.99914
0.997732
0.0426725
0.858445
0.574389
0.269647
1.0
0.00923301
1.0
1.0
0.584678
0.954555
0.992536
0.997977
0.213555
1.0
0.300652
0.678704
0.973301
0.993944
0.906676
0.810617
0.999265
0.723544
0.912289
0.708222
0.718099
0.992948
1.0
0.672385
1.0
0.902081
0.0626177
0.999965
0.119511
0.693405
0.999948
0.951955
0.999294
0.996116
0.612598
0.175594
1.0
0.952932
0.990141
0.979019
0.999213
0.180214
0.99778
0.999828
0.87871
1.0
1.0
0.992674
0.169335
0.280517
0.00563058
1.0
1.0
0.832104
0.687368
0.0157646
0.994509
0.999485
0.996644
0.0299543
0.537405
0.994753
-0.00889807
0.864616
0.0600172
0.522395
0.700955
0.99996
0.999251
0.251947
0.973582
0.78752
0.999932
0.583206
0.951816
0.880659
0.729281
0.999981
0.728149
1.0
0.99842
0.885362
0.0145495
0.159604
0.200176
0.035723
0.997372
0.999701
0.677095
0.231866
0.999775
0.997851
0.364764
0.451126
0.78498
1.0
0.684378
0.69285
0.647658
0.514997
0.329482
0.994329
0.702748
0.49071
0.999967
0.522638
1.0
0.0911964
0.725545
0.990752
0.886201
0.999812
0.796536
0.577676
0.961635
0.861733
0.521985
0.16484
0.393522
0.860977
0.158227
0.369187
0.419767
1.0
0.350361
0.88996
0.988411
0.95921
1.0
0.9973
0.919365
0.989102
0.67175
1.0
0.999733
0.924687
0.995589
0.996176
0.0425538
1.0
0.705547
0.999995
0.808575
0.849229
1.0
0.473339
0.0429465
0.645056
1.0
0.896041
1.0
0.998257
0.994577
1.0
0.840204
1.0
0.981212
0.970439
0.520677
1.0
0.993032
0.999974
0.101523
1.0
0.999654
0.426126
0.999756
0.989064
0.239168
0.551899
0.462301
0.787401
0.00247583
0.721937
0.0177116
0.0679213
0.136996
0.999976
0.988646
0.256122
0.0427181
1.0
1.0
0.674316
0.999859
0.233252
0.347739
0.562707
0.715623
0.995358
0.345523
0.999763
0.810281
0.249498
0.614517
0.10035
0.600767
0.986583
0.899095
0.0950857
0.919507
0.322045
0.0119825
0.695189
0.39929
0.58782
1.0
0.132361
1.0
0.999983
0.992433
0.999082
0.912874
0.584551
0.63011
0.589053
1.0
0.00675627
0.181552
0.999995
1.0
0.00572451
0.739454
0.999971
0.886398
1.0
0.999999
0.244971
0.998728
0.974431
0.0364363
0.854758
0.999569
1.0
0.994594
0.0680931
0.99909
0.876921
0.872644
0.630935
0.912249
0.999903
0.441518
0.196682
0.844006
0.977316
0.810658
1.0
0.192504
0.910731
0.734701
0.580964
0.528183
0.999284
0.999681
0.725445
1.0
0.870305
1.0
0.774865
0.999798
0.768625
0.842276
0.883269
0.725412
0.943353
0.767564
1.0
0.699891
0.988542
0.999793
1.0
0.315519
0.999869
0.416623
0.930174
0.98631
0.99243
0.175161
0.524683
0.362318
0.815855
0.0520466
0.575103
1.0
0.402811
0.970532
1.0
1.0
0.0289357
1.0
0.804924
0.992489
0.48937
0.999787
0.990691
1.0
0.408948
0.969528
1.0
1.0
1.0
0.452229
0.320594
0.718059
0.999648
0.725468
0.450327
0.069477
0.677067
0.999358
0.999958
0.163896
0.977752
1.0
0.999394
1.0
0.892045
0.32712
0.845508
0.784051
1.0
1.0
0.990474
1.0
0.983707
0.724357
1.0
0.925828
0.835161
0.0937423
0.992704
0.981728
0.999318
0.99267
0.00954366
1.0
0.0461052
0.999284
0.719036
0.727693
0.761036
0.237753
0.970927
0.583482
0.979275
0.925805
0.913466
0.733358
0.669041
0.994906
1.0
1.0
0.0206701
0.940737
0.465373
1.0
0.362693
-0.00895588
0.111069
0.998178
0.202325
0.966398
0.99976
0.835508
0.309391
0.987086
0.437195
0.211609
0.614738
0.662473
0.999978
0.583158
0.990842
0.338508
0.891729
0.999996
0.717366
-0.0171081
1.0
-0.00951963
0.99896
0.236234
0.996905
0.688393
0.999747
0.724943
0.524534
0.374412
0.170194
0.96868
1.0
0.94079
0.0416168
0.815541
-0.0151786
0.989137
1.0
0.469194
0.796483
0.674355
0.767883
0.92104
0.858794
0.925424
0.709521
0.00234613
0.996504
0.407425
0.555736
0.999729
0.987256
0.996022
0.976545
0.27065
0.710543
0.799187
0.774411
0.21709
1.0
0.250598
0.965751
0.985774
0.826727
0.953184
0.965046
1.0
1.0
0.709515
0.833401
0.0889625
0.722644
0.731904
1.0
0.947724
0.999654
0.998367
0.0576149
1.0
0.407699
0.847384
0.164689
0.912102
0.998864
0.926156
0.998989
0.994066
1.0
0.484303
0.714469
0.71898
0.999284
1.0
0.14052
0.715053
0.997605
0.994293
0.0237713
0.960678
0.109106
0.714271
0.986451
1.0
0.512285
0.113222
0.670919
0.947724
1.0
1.0
0.827337
0.363339
0.537226
0.123996
0.902168
0.272279
0.233336
0.81107
0.532634
0.210442
1.0
0.468799
0.716895
0.81401
0.993645
0.861502
0.652908
0.151296
0.700768
0.509298
0.245155
0.462025
0.530664
0.00115584
0.481257
0.741611
0.997256
0.434698
0.551124
0.679213
0.208726
1.0
0.164253
1.0
0.999991
0.778676
0.40299
0.743356
0.726632
0.02529
0.71
0.810498
0.144056
1.0
0.291456
0.901353
0.876828
0.811522
0.199819
0.792533
0.239987
0.593128
0.999673
0.989203
0.856602
0.959494
0.999962
0.873614
0.185894
1.0
0.999582
1.0
0.823133
0.999903
0.324426
0.0235314
0.993577
0.998495
0.82471
0.0410669
0.994311
0.998376
1.0
0.448262
0.721143
0.600867
1.0
1.0
0.79566
0.971232
0.999903
0.712462
0.701039
1.0
0.184316
0.274647
0.900228
0.861619
0.729644
0.675655
0.814569
0.96047
0.53129
1.0
0.998823
0.747386
0.282965
0.529088
0.820672
1.0
0.611602
0.129968
0.268058
0.762453
0.466715
0.999997
0.999999
0.775701
0.71665
0.268822
0.506348
0.922622
0.997282
0.153807
1.0
0.999932
0.701458
0.176982
0.965655
0.268127
1.0
1.0
1.0
0.0101646
0.674336
0.91859
0.183815
1.0
0.612847
1.0
1.0
0.428772
1.0
0.850651
0.00746663
0.733402
0.998268
0.558732
0.993273
0.623702
0.000230329
1.0
0.760698
0.421743
0.198606
0.765076
0.888161
1.0
1.0
0.54021
0.109188
0.994462
0.457408
0.977783
0.977651
0.587022
0.99998
0.715872
0.709579
0.552489
0.489859
0.03675
0.404335
0.718225
0.998248
0.999937
0.901793
0.835288
0.681491
0.997657
0.884512
0.999714
1.0
0.326976
0.215021
0.3367
0.21278
0.917411
0.999571
0.998584
0.685516
0.430721
0.625521
0.0688966
0.702762
0.166666
1.0
0.00754743
1.0
0.0373549
1.0
0.865316
0.530317
0.78089
1.0
0.486065
0.999982
1.0
0.2633
0.0260568
0.756041
0.787095
0.232453
0.674648
0.957908
0.999947
0.871896
0.74846
0.317675
0.550271
0.994928
0.999022
0.513444
0.0973418
0.999866
0.999958
0.78023
0.999941
0.856683
0.999694
0.997579
0.998987
0.306008
0.367089
0.99998
0.219898
0.472356
1.0
0.269839
0.769222
0.97868
0.849661
0.0633254
0.0507696
0.999994
0.255467
1.0
0.467531
0.0756436
0.868501
0.00884737
1.0
0.422656
0.533212
0.386544
0.589529
0.999634
0.999975
0.756938
0.402651
1.0
1.0
0.714493
0.999665
1.0
0.0311418
0.673719
0.061673
0.216853
1.0
0.0659479
0.692085
1.0
0.842851
0.992103
0.999958
0.999998
0.997021
0.62705
1.0
0.728475
0.999132
0.999917
0.899776
0.992842
0.999985
0.301069
0.939941
0.984865
1.0
0.724147
1.0
0.973516
0.998743
0.999859
0.820577
0.773394
0.424533
0.83421
0.368302
0.999986
-0.00251602
0.624885
0.306443
0.876504
0.997164
0.744269
0.0341158
0.0749772
0.0935273
0.0354643
0.925788
0.995958
0.0730902
1.0
0.994765
0.998153
0.146029
0.711258
0.94253
1.0
0.147363
0.414922
0.577587
0.9999
0.582806
0.0252531
0.999998
0.735302
0.921932
0.0658272
0.999907
1.0
0.0849092
0.99785
-0.0265749
0.00011681
0.999975
0.435563
1.0
0.997719
-0.0390133
0.24105
0.968128
0.999309
0.0120886
0.345732
0.807136
0.646165
0.869669
1.0
0.711525
0.752873
0.0294357
0.977595
0.999994
0.858019
0.7017
0.992622
1.0
0.934416
0.999282
0.234437
0.995047
0.508143
0.673602
0.122043
0.994964
0.999354
0.526114
0.0924683
0.763885
0.998772
0.999909
1.0
1.0
0.650141
0.999577
0.714482
0.917203
0.545487
0.998955
0.99882
0.00647313
0.594956
1.0
0.1704
1.0
0.999741
0.990669
0.999978
0.103111
1.0
0.646922
0.762341
0.99659
0.829853
0.710216
0.582217
0.976083
1.0
1.0
0.999397
0.313116
-0.0409863
0.894869
0.327945
0.998139
0.0164074
1.0
0.575522
0.942173
0.994132
0.0487073
0.999032
0.999988
0.803259
0.923588
1.0
0.932523
0.42503
0.257208
0.985777
0.855734
0.995596
0.43799
0.746027
0.998803
0.897119
-0.046984
0.748602
0.968601
0.998915
0.000129531
0.995862
0.635743
0.689676
-0.00329644
0.487811
0.999903
0.999987
0.104026
0.477684
0.337271
0.444774
0.450751
0.999717
0.907924
0.558827
0.870142
0.622098
0.036678
0.00708041
0.998727
0.673641
0.13972
1.0
0.00585593
0.260723
0.45913
0.919361
0.219265
0.81808
0.939723
0.0757682
1.0
1.0
0.999955
0.397482
0.999454
-0.00146364
0.108179
0.831702
0.999446
0.65431
0.061731
1.0
0.963902
0.268328
0.417507
0.791618
1.0
0.999999
0.735911
0.838761
0.864668
0.999987
0.00253084
0.899531
0.0508782
0.995058
0.189804
0.996784
0.0931434
0.263285
0.848805
0.998593
0.296025
1.0
0.523345
0.775816
1.0
1.0
0.997941
0.200312
0.86333
0.248236
0.244685
0.238063
1.0
0.959198
-0.127602
0.964379
0.803917
0.363866
0.764058
0.999645
0.230672
0.715353
0.864251
0.996724
0.922633
0.501119
0.257223
0.732911
0.526723
0.801814
0.999982
0.999997
0.99778
0.554643
0.964561
0.999025
0.817737
0.334648
0.673109
0.999824
0.681154
0.260089
0.075105
0.0393829
0.432559
0.997997
0.999852
0.67492
0.995183
0.894366
0.736503
1.0
0.955361
1.0
0.29338
0.151702
0.133442
0.348629
0.83333
0.510264
0.619942
0.517173
1.0
0.956791
0.996585
0.998976
1.0
0.702862
0.0291201
0.594118
0.99991
0.999949
0.0171309
0.897576
0.997568
0.975348
0.790393
0.0486735
-0.135129
1.0
0.0193495
0.99941
0.999773
0.605262
0.238652
0.999886
0.640203
0.999962
0.714137
0.898566
0.999927
0.279309
0.810778
0.879637
0.991538
1.0
0.61372
0.71073
0.705275
0.679944
0.247431
0.993694
1.0
0.999731
0.64271
1.0
0.611074
1.0
0.0385482
0.729636
0.735971
1.0
0.882776
0.0504421
0.607622
0.480673
0.0257917
1.0
0.0050206
0.825249
1.0
1.0
0.576328
0.995657
0.688938
1.0
0.933594
0.999981
1.0
0.198007
0.910648
0.207226
0.502515
0.0220909
0.471343
0.0549127
0.714707
1.0
1.0
0.706107
0.377099
0.998731
0.858728
0.105659
1.0
0.836129
0.0472249
0.996635
0.533102
0.999863
1.0
0.878841
1.0
0.184342
0.777724
0.997149
0.327748
0.606346
0.601325
0.350447
1.0
0.999884
0.00711577
0.97311
0.999701
0.709242
0.807461
0.999986
0.112238
0.837312
0.0354454
0.592438
1.0
0.783696
1.0
0.566214
0.997632
0.9621
0.999684
0.0823319
0.909759
1.0
0.166615
1.0
0.0338568
0.779939
0.994565
0.63807
0.800604
0.254209
0.992095
0.898805
0.137702
0.456368
0.927281
0.363212
0.999956
0.65342
0.95859
0.933363
0.70452
0.57681
0.0659371
0.145373
0.830478
1.0
0.999595
1.0
0.997079
1.0
0.96842
0.922695
1.0
0.990099
0.0983709
1.0
0.944869
0.752351
0.432979
0.143597
0.283672
0.717304
0.942615
0.935857
0.845606
0.960972
0.929828
0.713961
0.902773
1.0
0.735828
1.0
0.767103
0.705357
0.662724
0.521939
0.764528
0.169298
0.999991
0.990395
0.0142082
0.999339
0.147104
1.0
0.88776
0.414195
0.185794
0.860621
1.0
1.0
0.296929
0.801398
0.999571
0.889592
0.993584
1.0
0.998213
0.999975
0.0635805
0.449821
0.229643
0.0940099
0.16938
0.900815
0.250164
0.044614
0.96912
1.0
1.0
0.999715
1.0
0.493134
0.514703
0.841306
0.905728
1.0
0.215529
0.558064
0.649563
0.692382
0.988372
1.0
0.220911
0.802947
0.116771
0.686323
0.924357
0.952099
0.778615
0.995171
1.0
0.211516
0.585416
1.0
0.927846
1.0
1.0
1.0
0.999751
0.699729
-0.253155
0.963004
-0.035618
0.586937
0.998511
0.973998
0.971905
0.246706
0.0818301
-0.00258596
0.793567
1.0
-0.093494
0.538908
0.844938
0.969664
0.835633
0.999327
0.975984
0.997417
-0.000740073
0.755026
1.0
0.998388
0.375987
0.602739
0.724393
0.717479
1.0
0.348332
0.868958
0.473335
0.973015
0.435047
0.915194
0.794277
0.790003
0.21959
0.619919
0.711187
0.764461
0.999993
0.999399
0.92682
0.622912
-0.0159438
0.803581
1.0
0.926717
1.0
0.999676
0.112524
0.440247
0.887863
0.713711
1.0
0.354139
0.416995
1.0
0.510433
0.056981
0.34722
0.377674
0.765125
0.99321
1.0
0.990342
0.994345
0.999992
0.998609
0.99993
1.0
0.998564
0.355846
0.998548
0.147022
0.776295
0.0781646
0.361102
0.684348
0.999429
0.999998
0.79574
0.507753
0.806324
0.0888548
0.265769
0.95039
0.999512
0.706051
0.610187
0.967406
0.997152
0.825671
0.0297843
1.0
0.415629
0.626822
0.374565
0.985579
0.198613
0.814753
0.999983
0.997599
0.99586
0.885294
0.999976
0.71946
0.732638
0.0756727
0.355106
1.0
1.0
0.0466621
0.398031
0.992699
0.951596
0.996781
0.470772
0.999194
0.495318
0.999976
0.938945
0.999993
0.999741
0.999903
0.77483
0.985084
0.296042
0.996613
1.0
1.0
0.360482
0.25336
0.934779
0.282795
0.964383
0.875116
0.958759
0.972502
0.00601054
0.999025
0.998959
0.0141252
1.0
0.0867695
0.999996
1.0
1.0
0.35061
0.727568
0.904736
0.706558
0.999901
0.491875
0.574392
1.0
1.0
0.751612
0.840939
0.694705
1.0
0.388558
0.0202632
0.330195
0.63585
0.961855
0.954135
0.998867
0.73015
0.999518
0.974126
0.949766
1.0
0.641078
0.172611
0.742303
0.575744
0.963016
0.951105
0.545535
1.0
0.304451
0.387721
1.0
0.989906
0.717701
0.999615
0.705718
-0.00301552
0.942776
0.998567
0.109129
0.617458
1.0
0.999999
0.694767
0.242955
0.310669
0.0191671
0.0237593
0.999621
0.628609
0.890409
0.99191
0.282622
0.716441
0.463966
1.0
0.999466
0.999904
0.82279
0.995679
0.421107
0.830203
0.833635
0.822189
1.0
0.833337
0.817954
0.0153137
0.99055
0.876566
0.917454
0.997396
0.526071
0.438672
0.412419
0.999997
0.999847
0.0460618
0.944969
0.0699755
0.00996123
0.734785
0.999978
1.0
0.550772
0.745202
0.410983
1.0
0.12736
1.0
0.162111
0.886663
0.193005
0.998003
1.0
0.804208
0.360963
0.239405
0.906091
0.991297
1.0
0.774426
0.999988
1.0
0.815717
0.942057
0.999601
0.0
0.995417
0.94656
0.742026
0.85005
0.999488
0.996858
0.880217
0.9993
0.721652
0.243243
0.965831
0.913013
0.994235
1.0
0.308035
1.0
0.762798
0.191746
0.292645
1.0
-0.013153
0.999597
0.978719
0.488538
0.548191
0.522951
0.101926
0.00416091
0.44156
0.999851
0.25843
1.0
0.991781
0.644834
0.181384
0.996229
0.964625
0.988622
0.994685
0.705148
0.515494
1.0
0.69241
0.710308
0.650447
0.727608
1.0
0.996886
0.990883
0.155549
0.999898
0.593391
-0.0218889
0.0873981
0.973561
0.954535
0.0954733
1.0
0.997871
0.275128
0.807156
0.674068
0.998882
1.0
0.839994
0.788588
0.519797
0.943375
0.82451
0.738876
1.0
0.787935
0.774867
0.540984
0.999996
0.238572
1.0
0.147652
1.0
0.327368
0.970391
0.52525
0.995728
1.0
0.791231
0.959235
0.250768
0.383597
0.0752566
0.999873
0.332903
1.0
0.999973
1.0
0.999864
0.964632
1.0
0.924591
0.719566
0.342866
0.0184039
0.999907
0.999952
0.0678587
0.889775
0.502678
0.358457
0.641507
0.270477
0.933396
0.999993
0.992874
1.0
0.929202
0.264346
0.0302556
0.848421
0.99661
0.995417
0.0490657
0.310524
0.689941
1.0
1.0
0.71735
0.307654
1.0
0.971927
0.545987
0.957349
1.0
0.356617
-0.0257456
0.746952
0.112313
0.0474684
0.809884
0.973919
1.0
0.142488
0.519594
0.688966
0.744536
0.705939
1.0
0.715792
0.877473
0.371237
0.0325769
0.43039
0.973774
0.562704
0.991635
1.0
0.99831
0.00666036
0.115642
0.829901
0.676546
0.983526
0.995924
0.999222
0.475602
1.0
0.190486
1.0
1.0
0.999672
0.823834
0.999665
0.67916
1.0
0.860222
0.740384
0.0763962
0.314525
0.972667
0.762279
0.99987
1.0
0.547135
0.49371
0.156132
0.470646
0.706616
0.0115572
0.759308
0.869421
1.0
0.807653
0.427532
0.996351
0.999682
0.999997
0.999821
0.72327
0.0990539
0.0125505
0.882115
0.806446
0.718221
0.710873
0.696015
1.0
0.95221
0.999996
0.183479
0.997327
0.872157
-0.000353765
0.85235
1.0
0.862111
0.964964
0.244668
1.0
0.281874
1.0
1.0
1.0
0.338504
0.833966
1.0
0.0220293
0.820776
0.835069
0.728793
1.0
0.991505
0.999694
0.842775
1.0
0.7149
0.365214
0.562851
1.0
1.0
0.998686
0.818195
0.431559
0.126935
0.278784
0.866249
0.839567
0.468082
0.0132557
0.49655
0.388986
0.285071
0.981388
0.824693
0.453358
0.923983
0.573572
0.0375619
1.0
0.15468
0.342394
1.0
0.870113
0.995396
1.0
0.70726
0.355573
0.953023
0.995489
0.450462
0.661226
0.0822486
0.999408
0.717967
-0.0056229
0.324964
0.896363
1.0
0.938924
0.584763
0.0362934
0.819387
0.981058
0.128112
0.00153497
1.0
0.494373
0.530726
1.0
0.999563
0.951991
0.519948
0.247303
0.0889968
0.880702
0.999968
1.0
0.318605
0.994173
0.249694
1.0
0.991306
0.573775
0.235146
0.998552
1.0
0.536133
0.626085
0.997193
0.0147736
1.0
0.961387
0.724453
0.0176808
0.99918
0.977219
0.729393
0.999357
0.373859
0.983742
0.774923
0.870141
0.129581
1.0
1.0
1.0
0.981112
0.932145
0.85474
0.828137
0.744888
0.522632
0.998566
1.0
0.999991
0.988115
0.992094
0.890165
1.0
0.99982
0.492335
0.994611
0.180698
1.0
0.25062
0.090405
0.90658
0.8293
0.993157
0.0427389
0.999005
0.79948
0.664086
0.854438
0.998564
0.99891
0.158301
0.700244
0.0331685
0.804321
0.811292
0.969271
0.452662
0.927431
0.779976
0.0270501
0.511435
0.710167
0.803814
0.996292
0.0417786
0.269385
0.854568
0.849424
0.992785
0.869036
0.987544
0.958904
1.0
0.994246
0.824715
0.189347
0.998727
0.82764
0.949052
0.0584928
0.99291
0.875862
0.713899
0.75474
1.0
0.783055
0.00401545
0.999998
0.856681
0.339823
0.719213
1.0
0.963732
0.0327419
0.292772
0.944584
0.841738
0.710196
0.99851
0.999803
0.820969
1.0
0.80705
0.992415
1.0
0.679963
0.123975
0.705934
0.961083
0.316792
0.99978
1.0
0.243389
0.997371
0.999925
1.0
0.443919
0.0521957
0.581322
0.987946
0.548472
0.723702
0.257342
0.154558
0.768084
0.513999
0.795876
1.0
0.999785
0.229317
0.975318
0.806645
0.846653
0.746151
0.648764
0.691732
0.143902
0.602307
0.137786
0.99949
0.996988
0.996925
0.302068
0.999168
0.600262
0.349343
1.0
0.412085
0.989793
0.0501237
0.826599
0.612261
0.911678
1.0
0.985563
0.822962
0.938227
0.999595
0.999414
0.645152
1.0
0.47223
0.939975
1.0
0.228059
0.704844
0.5663
0.994277
0.98162
0.529116
1.0
1.0
1.0
0.0630298
0.999075
0.401464
0.999999
0.923578
0.43623
0.52943
0.635987
1.0
0.528948
0.0699122
0.706206
0.885036
0.958256
0.0361847
0.0858906
0.554915
0.84986
0.910648
0.817634
0.981892
0.99672
0.0805925
0.322077
0.00323065
1.0
0.388981
0.815726
1.0
0.69481
0.575288
0.151695
1.0
0.710426
0.0923945
0.998542
0.0508671
0.999594
0.678967
0.694485
0.898763
0.93014
0.0093476
0.991835
0.7058
0.97837
0.150633
0.994251
1.0
0.999973
1.0
0.148452
0.176804
0.666003
1.0
0.738007
0.981503
0.828883
1.0
0.010635
0.985948
0.0132315
0.95629
0.999942
1.0
0.999012
1.0
0.76815
0.970933
0.960607
0.024067
0.424487
0.99971
0.588327
0.129795
1.0
0.058634
0.422955
0.994329
0.828108
1.0
0.997911
0.999564
1.0
0.944999
0.219501
0.632442
0.614467
0.994085
0.425474
0.931184
0.526255
0.999972
0.651071
0.714651
0.493998
1.0
1.0
-0.0133515
0.990102
0.937638
0.976817
0.357676
0.842998
-0.109118
1.0
0.976321
0.696559
0.699481
0.989124
-0.0693508
0.561114
0.710788
0.915016
0.119947
0.513617
0.999886
1.0
1.0
1.0
0.680516
0.370212
0.665086
1.0
1.0
0.236935
0.693072
0.776458
0.999797
0.771178
0.999859
0.99881
1.0
0.597939
0.590434
1.0
0.391066
0.0360186
0.967963
0.834784
0.502908
1.0
0.99886
0.922576
0.0493716
0.762398
1.0
0.967996
0.709726
0.134631
0.803108
0.832719
0.970742
0.169179
0.264904
0.79864
1.0
0.999999
0.545189
0.714934
1.0
0.853898
0.994502
0.00857444
0.826313
0.709774
0.511116
0.528065
0.186556
0.89429
0.998269
1.0
0.141227
1.0
0.675308
1.0
0.999998
0.560784
0.575077
0.817178
0.838568
0.901916
0.997215
0.815096
1.0
0.995927
0.579454
0.999947
0.787942
1.0
0.0648529
0.186494
0.999966
0.863223
1.0
0.603955
0.999565
0.824444
0.552471
0.816491
0.847202
0.847407
0.549614
0.00180493
0.900294
0.403747
0.419616
0.995225
0.81959
0.764318
1.0
0.51832
-0.0511769
0.156295
0.054362
0.788023
-0.00307544
0.623481
0.00754768
0.783844
0.722238
0.623932
0.980012
0.562068
0.80165
1.0
0.0513622
0.999634
0.362432
0.622979
0.999735
0.455397
0.867429
0.552251
0.965926
0.526508
0.0155634
0.587708
0.287652
0.0441923
0.624561
0.497758
0.999996
0.561827
1.0
0.857094
0.999985
1.0
0.868586
0.353217
0.999812
0.801376
0.53284
1.0
0.97405
0.191472
1.0
0.999483
0.160556
0.998919
0.073964
1.0
0.999917
0.965123
0.030818
0.209539
0.202207
0.851135
0.388627
0.999977
0.999892
1.0
0.999518
1.0
0.999988
0.855114
0.0516453
0.957048
0.888813
1.0
0.892289
0.562724
0.810023
0.713742
0.809487
0.840972
0.450347
0.999309
0.999726
0.60369
0.287751
0.719633
0.0121116
1.0
-0.0519496
0.991616
0.991985
0.252532
-0.0155188
0.998305
0.783581
0.875799
1.0
0.999455
1.0
0.642065
1.0
1.0
0.297127
0.998229
1.0
0.00160968
0.572397
1.0
0.974952
0.920653
0.82073
0.562786
0.985368
0.323572
0.691456
0.79516
0.999967
1.0
0.533355
0.999357
1.0
0.990867
1.0
0.968687
0.999887
0.0263141
0.847666
1.0
0.860501
0.110915
0.986024
0.101016
0.150377
0.729584
0.999803
0.875063
1.0
0.99834
1.0
0.753576
0.694986
1.0
0.818831
0.9265
0.358221
0.866859
0.489201
0.991879
0.744299
0.238989
0.265695
0.999999
0.991673
0.995825
0.999956
0.712901
0.0051828
0.999964
0.532963
0.0405895
0.930367
0.882359
0.0740568
0.257143
0.89279
0.839029
0.00153568
0.815468
0.976809
0.570341
0.742553
1.0
0.0773453
0.169796
0.618153
0.674885
0.99568
0.795583
0.0943547
1.0
0.785298
1.0
0.168059
0.925802
0.999877
0.0652102
0.607623
0.571972
0.700789
0.995784
0.515067
0.850421
0.998036
1.0
0.999998
0.564033
0.999888
0.116935
0.192414
0.116929
0.999481
0.189378
1.0
0.867788
0.999887
1.0
0.195624
0.997724
0.866531
0.828572
1.0
0.711943
0.972332
0.875211
0.635678
0.77012
0.739992
0.999453
0.976441
0.157165
1.0
0.0451205
0.697038
0.722069
0.995409
0.937878
0.999881
0.562965
0.999994
0.439532
1.0
-0.00563476
0.417812
0.998997
0.00145656
0.453846
0.989967
0.437383
0.780587
0.286187
0.999666
0.997427
0.672246
0.0649417
0.722442
0.999966
0.994609
0.677029
0.988428
0.87426
0.708859
0.720217
0.718056
0.99974
0.998439
1.0
0.695442
0.991297
1.0
0.712744
0.364799
0.00788551
0.999255
0.676605
0.598407
0.995188
0.00713491
0.797577
1.0
0.320671
0.999937
1.0
0.999469
0.028472
0.999999
1.0
0.999613
0.353239
0.987283
1.0
-0.0534117
1.0
0.904919
0.999939
0.503075
0.367171
0.191042
0.569628
0.99682
0.837988
1.0
0.407197
0.124021
0.0
0.420145
0.987801
0.89956
0.82648
0.744314
0.999286
0.999991
1.0
0.107451
0.996135
1.0
1.0
0.213468
0.999947
0.999998
0.256698
1.0
0.999974
0.452245
0.773812
1.0
0.809708
0.712611
0.955678
0.99296
0.424952
0.999789
0.945902
0.977191
0.991072
0.920347
0.977765
0.418708
0.732303
0.715874
0.850535
0.00769697
0.999824
0.743395
0.450838
0.934005
1.0
0.0674688
0.987411
0.55403
0.277091
0.990472
0.498639
0.812199
0.267034
0.907288
0.837559
0.712608
0.949002
0.986748
0.84194
0.613399
1.0
0.060062
0.373235
0.999953
0.998898
0.177766
0.858378
0.999661
0.998326
0.990196
0.993784
1.0
0.999947
1.0
0.713223
0.999947
1.0
1.0
0.613054
0.99066
0.809884
0.902131
0.507968
1.0
0.948306
0.999828
1.0
0.724835
0.659181
0.403046
0.982949
0.997274
0.903857
0.0320262
1.0
0.645402
0.998784
0.95657
0.646981
0.718524
0.657351
0.862842
0.999999
1.0
0.997367
0.99991
0.158395
0.995722
0.829339
0.998616
0.989964
0.197785
0.970834
0.993054
0.30636
0.995065
1.0
0.978511
0.820335
0.857888
0.592811
0.0220358
0.586236
1.0
0.540201
1.0
1.0
0.430762
0.283482
0.708217
1.0
0.96175
0.990925
0.980588
0.766092
0.999697
0.668328
0.667448
0.927018
1.0
0.674084
0.693799
0.00118165
0.241814
0.999252
0.785403
0.997923
0.819809
0.731163
0.999606
1.0
1.0
0.99999
-0.123086
0.765962
0.991765
0.323294
0.996043
0.641073
1.0
0.86885
0.627956
0.47612
1.0
0.910105
0.703075
0.811876
0.979674
0.996343
0.702416
0.00948401
0.562471
0.174863
0.949534
0.583283
0.995603
0.791859
1.0
0.97937
0.739637
0.990929
0.725348
0.148173
0.209676
0.735039
0.904674
0.99995
0.376278
0.800704
0.785675
0.499214
0.167153
0.833603
0.816012
0.997319
0.997981
0.0640416
0.0153202
0.194878
0.942277
0.347452
0.222834
0.582007
0.54313
1.0
0.993925
0.827854
0.278539
0.170885
0.704612
1.0
0.996555
0.850873
0.956516
0.485419
0.965669
0.901202
0.720027
0.927961
0.0159462
0.52732
0.989857
0.309708
0.773989
0.230362
0.560288
0.961967
0.173338
0.245941
0.629894
0.861025
0.734973
1.0
0.999494
0.90937
0.982367
1.0
-0.0170306
0.962367
1.0
1.0
0.809282
0.959898
0.603035
0.521378
-0.0240758
0.863336
0.999849
0.582403
0.836263
0.488164
0.997473
0.405318
0.12793
0.826086
0.710538
0.999981
0.150033
0.920819
0.0452883
0.878862
0.00716583
0.47892
0.0159194
0.894307
0.179087
0.971636
0.237489
0.999963
1.0
0.864845
1.0
0.730456
0.0
1.0
1.0
1.0
1.0
0.711754
1.0
0.410296
0.99855
1.0
0.509464
0.982409
0.885563
0.536084
0.678681
0.682418
0.999813
0.805768
0.999988
0.626105
0.997498
1.0
0.526919
0.855124
0.998434
1.0
1.0
0.578856
0.992053
1.0
0.690241
0.000649683
1.0
0.949233
0.705586
0.548508
0.0987542
0.724186
1.0
1.0
0.199347
0.999975
0.777405
0.598252
0.554403
0.705785
0.999994
0.87348
0.743937
0.119989
0.999915
0.99994
0.0275747
0.814526
0.864639
0.447339
0.689908
0.0358516
1.0
0.937731
0.999468
0.956397
0.70249
0.891128
1.0
1.0
0.230374
0.0883911
1.0
1.0
0.192422
0.9287
0.273272
0.997357
0.937755
1.0
0.170676
0.875519
1.0
0.871897
0.162193
0.821563
0.99959
0.596653
0.106015
1.0
0.991819
1.0
0.513655
0.545443
0.392088
0.0526699
0.129115
1.0
0.676872
0.684788
-0.0114828
0.000346245
0.982585
0.940221
-0.00909728
0.997574
1.0
0.988402
0.61507
0.999706
0.999999
0.999311
0.84124
0.283038
0.426304
0.527885
0.392943
0.477072
0.843871
0.282884
1.0
0.986919
0.791859
1.0
-0.00322428
0.517834
0.223161
1.0
1.0
1.0
0.153258
1.0
0.94712
0.714575
0.860038
1.0
-0.0719528
0.712457
0.999173
0.548751
0.387022
0.334617
0.585263
1.0
0.0463339
0.706298
0.401804
0.122278
1.0
0.80587
0.858681
0.120287
0.147462
1.0
0.1529
0.990119
1.0
0.98596
0.749009
0.141006
0.530333
0.989599
0.847977
0.98294
0.982867
0.99995
0.699923
0.186336
0.587535
0.917695
0.999391
0.998928
0.601804
0.999993
1.0
0.64741
0.759782
0.0471507
1.0
1.0
0.0188577
0.264086
0.41898
0.994525
0.00958215
0.057535
0.244306
0.739093
0.429556
0.944487
0.809735
0.706856
0.960313
0.999298
0.140651
1.0
0.211034
0.767914
0.6756
0.999536
1.0
0.591438
0.715952
0.99677
0.00420874
1.0
0.800785
0.739219
0.258845
0.67839
0.999804
0.825011
0.978702
0.94229
1.0
0.0767032
1.0
0.736735
0.0116091
0.999701
-0.0303545
0.860148
0.837573
0.999859
0.65094
1.0
0.998991
0.659509
