0.787611
1.0
1.0
1.0
0.535891
1.0
0.758073
0.75402
0.627569
0.670451
0.320385
1.0
0.82182
0.610045
1.0
0.881807
0.287729
0.742426
0.514542
0.82909
0.66509
0.720101
1.0
-0.206717
0.806507
0.848838
0.404784
0.880008
0.423546
0.550773
0.738299
0.806784
0.591138
0.89101
0.714997
1.0
0.614701
0.555889
1.0
1.0
0.815974
0.58313
0.824593
1.0
0.668977
0.95579
1.0
1.0
0.410767
0.890133
1.0
1.0
0.560794
0.882998
0.926036
0.664598
1.0
0.305344
1.0
1.0
0.594331
0.769055
0.367669
0.396229
1.0
0.690038
0.795523
1.0
0.688353
0.867629
0.485258
0.784157
0.271911
1.0
0.499202
0.156068
0.834868
0.845276
0.334252
1.0
0.486835
0.077498
0.454286
0.463184
0.727421
0.557506
0.66779
0.636146
0.393166
0.72193
0.485247
1.0
0.733004
0.72046
0.737179
0.798984
0.784063
0.729285
0.237936
0.287756
0.887822
0.890617
1.0
0.821056
0.420317
0.501486
0.708584
0.535243
0.581751
0.25375
1.0
1.0
1.0
0.313811
1.0
0.879049
0.670781
0.449823
1.0
0.732878
0.81887
0.597356
0.66591
0.626181
0.0501505
0.476281
0.615246
0.724658
0.645503
0.769869
0.45441
0.487671
0.0392291
0.725008
0.358101
0.716799
0.431326
0.137999
0.483038
0.50257
0.728363
0.814526
0.512083
0.645497
0.7298
0.559342
0.896197
0.566507
0.499693
0.46084
1.0
0.855337
0.75116
0.41596
0.635965
0.633233
0.473739
0.0157243
0.571627
0.651273
0.590001
0.692277
0.469398
0.433246
1.0
0.713198
0.718646
0.600341
1.0
0.929297
0.877529
0.45707
0.899678
0.754944
0.472826
0.875434
0.685961
0.667638
0.469988
0.563844
0.738255
0.754765
0.85999
0.732134
0.809233
0.563419
0.664368
0.87501
0.521473
0.32659
1.0
0.616984
0.227519
0.839326
0.595344
0.374685
0.863471
0.658369
0.593056
1.0
1.0
0.635641
0.608164
0.881773
0.628846
0.461376
0.717115
0.196803
0.193798
0.500299
0.50443
0.542006
0.497782
0.511184
0.818165
0.737411
0.570557
1.0
0.584912
0.806427
0.695182
0.313973
0.625035
0.693131
0.834492
0.798834
0.625952
0.504419
0.695586
0.556672
0.630229
0.629246
0.7759
0.670032
0.417249
0.709718
0.83205
0.775703
0.782986
0.46084
0.0723458
0.646014
0.695982
1.0
0.16037
0.471416
0.292281
0.392242
0.681102
0.797793
0.42861
0.91331
0.440959
0.380363
0.65707
0.641801
0.898027
0.757594
0.448037
0.792228
0.719638
0.740942
0.438735
0.389378
1.0
0.623599
0.895422
0.806153
0.924175
1.0
0.811652
-0.10678
0.66959
0.674735
0.804914
0.887038
0.640373
0.879426
0.484086
0.465811
0.781311
0.64697
1.0
0.253771
0.566139
0.637022
0.719726
-0.0895134
0.56921
0.570218
0.861389
0.709407
0.594643
0.422371
0.661829
1.0
0.726281
0.520429
0.55234
1.0
0.6539
0.754435
0.856744
1.0
0.817808
1.0
0.782615
0.668214
0.726821
0.747104
0.617634
0.489928
0.658197
1.0
1.0
0.698099
0.428284
0.824108
0.708015
0.634116
1.0
0.836789
0.759544
0.057703
0.504388
0.85984
0.139262
0.474011
0.342542
0.672739
1.0
0.549039
0.756894
0.751111
0.964524
1.0
0.286606
0.147074
0.72325
0.426322
0.469691
0.762227
0.930872
0.353841
0.82738
1.0
0.594481
0.528678
0.592797
1.0
0.697059
1.0
0.53177
0.607143
0.922211
-0.0179605
0.739543
0.81363
1.0
0.657952
0.658219
0.600822
0.858417
0.816431
0.750068
0.851388
0.191321
0.42122
0.539505
0.677597
1.0
1.0
1.0
0.826804
1.0
1.0
0.861571
1.0
0.637878
0.507079
0.726813
0.582104
0.680886
0.123577
1.0
0.588012
0.71708
0.238667
0.233494
0.885891
0.434866
0.506181
0.644444
0.817206
0.311759
0.952464
0.565002
0.437966
0.569757
0.865793
1.0
0.259315
0.82182
0.703791
1.0
0.512887
0.823886
0.179383
1.0
0.821814
0.893053
0.645536
0.687108
0.913482
0.469852
0.545586
0.48115
0.771517
0.67082
0.779433
0.820091
0.494875
0.900226
0.675845
0.825494
0.790174
1.0
0.734427
0.4731
0.789078
0.673302
0.631968
1.0
0.218566
1.0
0.626255
0.742577
0.727178
0.888323
0.729247
1.0
0.508618
0.688383
0.420833
1.0
1.0
0.0
0.675281
0.359103
1.0
1.0
0.292219
1.0
0.90555
1.0
0.706581
0.632456
0.670451
0.747608
0.554964
0.808637
0.315816
0.704179
0.42284
0.356559
0.672977
0.613756
0.332274
0.492711
0.417058
0.632248
1.0
0.451781
0.744849
0.780112
0.72657
0.624594
0.692977
0.791554
0.620687
0.266377
1.0
0.379291
0.796899
0.906881
0.505854
0.78579
0.732845
0.705615
0.449824
0.544344
1.0
0.775992
0.790966
0.908151
-0.0525864
0.752191
0.530859
0.0411598
0.294065
1.0
0.84375
0.733564
0.810816
0.679292
0.667424
0.621428
0.82145
0.79101
0.586277
-0.0190595
1.0
0.731073
0.482405
1.0
0.458873
0.296666
0.77942
1.0
0.553001
0.575045
0.726755
0.607553
0.571125
0.97262
1.0
0.300797
0.613891
0.4
0.712523
0.531308
1.0
0.419623
0.853474
0.500086
0.918038
1.0
-0.144408
1.0
0.709302
0.776549
0.613407
1.0
0.646982
0.670679
0.602339
0.860946
0.541784
0.577971
0.180579
0.700362
0.858601
0.634
0.838115
0.443809
0.527617
1.0
0.64582
0.708806
0.161245
0.870954
0.746856
0.410632
0.665836
0.670449
0.694047
0.680094
1.0
0.499604
0.549658
0.419521
0.421164
0.610923
0.729559
0.722222
0.689612
0.656113
0.77468
0.912451
0.803562
0.166454
0.38786
0.889962
0.834762
0.920373
0.302791
0.48204
0.60686
1.0
1.0
0.980746
1.0
1.0
0.765169
1.0
0.948759
0.904409
1.0
0.440506
0.561423
0.517819
0.72717
0.426694
0.541318
0.817175
0.592063
0.91143
0.757301
0.908463
1.0
0.700508
0.83505
0.786245
1.0
0.644563
0.704387
0.639728
1.0
0.756894
0.375081
0.560612
1.0
0.0529048
0.696989
0.150412
0.841334
0.416728
0.791203
0.706322
0.658578
0.528836
0.842077
0.816497
0.857314
0.348155
0.498564
0.738113
0.377287
0.685705
0.651587
0.613786
0.292499
0.873035
0.354658
0.427773
0.81188
0.778594
1.0
0.673798
0.902187
0.927427
1.0
0.540951
0.708383
0.694876
1.0
0.654873
0.263636
0.139686
0.81391
0.807503
0.756027
0.523879
0.87579
0.874226
1.0
0.947426
0.381748
0.827069
0.681897
0.86195
0.49407
0.524243
0.309922
0.691532
0.364642
0.569065
0.623419
0.761149
0.609818
0.131606
0.500531
0.574137
0.672614
1.0
0.713892
0.576825
0.827069
0.406628
0.258707
1.0
-0.0425714
0.470414
0.8
0.647582
0.523598
0.692626
0.779817
1.0
0.85685
0.863158
0.409469
0.773998
0.731067
0.792384
0.537043
0.523348
1.0
0.505809
0.603337
0.779849
0.786591
0.727533
0.432666
0.381868
0.727589
0.715958
1.0
0.475181
0.492722
0.749188
1.0
0.586425
0.212953
0.611386
0.870697
0.460443
0.862477
1.0
0.794759
0.608157
0.792568
1.0
0.797446
0.624218
0.446124
0.72111
0.677974
0.753735
0.836473
0.625539
0.684008
0.511988
0.809992
0.816218
0.713433
0.607691
0.877688
0.86636
0.546507
0.655465
0.262397
0.787076
0.917943
0.318024
1.0
0.846355
0.515382
1.0
1.0
0.49097
0.469889
0.552306
0.710772
0.892034
0.945594
-0.126796
0.628682
0.450897
0.436589
0.369474
0.673165
1.0
0.954765
0.435031
0.241553
0.753129
0.7962
0.695563
1.0
0.830255
0.552022
0.666769
0.0608696
0.158228
0.845598
0.540305
0.428233
0.573583
0.837297
0.594562
0.821522
0.628359
0.539403
0.73959
1.0
0.750568
0.892619
0.76287
0.868144
0.511542
1.0
0.585705
0.621388
0.635501
0.227951
0.623377
0.640005
0.697137
0.529821
0.494233
0.841244
0.898629
0.241798
0.567821
0.449948
0.635658
0.352962
1.0
1.0
0.597516
0.711512
0.66835
1.0
0.727219
0.778233
0.900447
1.0
1.0
0.673646
0.412439
1.0
1.0
0.526861
0.11205
0.839719
1.0
0.316946
0.726114
1.0
0.599131
0.829446
0.647524
0.325558
0.437067
0.70468
0.706018
0.591522
0.887925
0.605548
0.641247
0.505814
0.798156
0.395907
0.226889
0.815988
1.0
0.454345
1.0
0.519003
1.0
0.596671
0.670501
0.666148
0.616926
1.0
1.0
0.210738
0.342095
1.0
0.690768
0.720666
0.140013
0.895966
0.550333
0.592428
0.827105
0.840168
0.600925
0.70781
0.390363
0.524767
0.703402
0.677778
0.708487
0.553392
1.0
0.750016
0.668802
0.748028
1.0
0.711106
0.91473
0.518459
0.596737
0.491477
0.561485
1.0
0.628257
1.0
0.789254
0.495402
0.125991
0.627167
0.522297
0.618115
1.0
1.0
0.537418
0.532671
1.0
0.434801
0.800342
0.531972
0.347035
1.0
0.410528
0.689495
0.690235
0.840289
0.471256
0.67688
0.494706
0.629516
0.622436
0.501486
0.236798
0.781876
1.0
0.764743
0.683766
0.678398
0.670886
0.832085
0.385885
0.272939
0.771763
0.439616
0.443652
0.620133
0.490939
0.0562155
0.428671
0.792568
0.614124
0.569666
0.773518
0.498184
0.5547
1.0
0.875433
0.12376
0.434043
0.45424
0.519382
1.0
1.0
0.749096
0.45675
0.418595
1.0
0.794126
0.779841
1.0
0.603139
0.446994
0.841447
1.0
0.760199
0.657239
0.85212
0.582999
-0.0189934
0.835646
0.755732
0.400379
0.569688
1.0
0.79222
0.72801
0.459353
0.698043
0.523106
0.754495
0.339242
0.765248
0.768115
0.66765
0.649596
0.517838
0.570725
0.855291
0.869462
1.0
0.449266
0.463745
0.136345
0.868128
0.685565
0.529584
0.422711
0.46393
0.882341
0.732812
0.60129
1.0
0.667749
1.0
1.0
0.855116
0.493984
0.822235
0.661319
0.510029
0.239725
0.666435
0.508386
0.848598
1.0
0.822403
0.769893
0.503454
0.680485
0.76277
0.796225
0.483973
0.425105
0.881807
0.695527
0.819892
0.696322
0.206419
0.135459
0.666952
0.412698
0.784293
0.621089
0.621994
0.711643
0.804728
0.562471
0.458123
0.76435
1.0
1.0
0.618718
0.621958
0.45282
0.70965
0.724967
0.586403
0.771258
0.629841
0.536745
0.643644
0.813059
1.0
0.69127
0.764461
0.269631
0.782725
1.0
0.483038
1.0
0.578941
0.861729
0.360528
0.601543
0.649961
0.595653
0.446651
0.894097
0.74162
0.921035
0.796071
1.0
0.820338
0.763965
0.766839
0.57502
1.0
1.0
0.343035
0.81822
0.836205
1.0
0.627215
0.574169
0.557397
0.598711
0.286023
0.82194
0.590326
0.740146
0.714616
0.784524
0.719474
0.0344555
0.597863
0.807398
0.786006
0.521185
0.813955
0.82058
0.800858
0.56593
0.704306
0.0166287
0.606756
0.339625
0.620984
0.832389
1.0
0.57213
0.439248
1.0
0.616509
0.436024
0.258436
0.390713
1.0
-0.194145
0.743234
0.620946
0.768031
0.464854
1.0
1.0
0.198128
1.0
0.893661
0.263898
0.662671
0.783469
0.67006
1.0
0.355672
0.676119
0.631085
0.84907
1.0
0.720105
0.741356
0.740109
0.685398
0.750279
0.625708
1.0
1.0
0.604408
0.360541
0.515969
0.0282341
0.751033
0.183786
0.524136
0.625979
0.425732
0.821926
0.783326
1.0
0.729929
0.697931
0.7049
0.674293
0.858725
0.653149
0.23232
1.0
0.813569
0.903026
0.229386
0.505913
0.707107
0.670733
0.730036
0.764184
0.726398
1.0
0.832622
0.773389
0.754006
0.655925
1.0
0.854081
0.514037
0.309601
0.677213
0.606016
0.549838
0.514047
0.591608
0.787016
0.737583
0.921641
0.357753
0.627885
0.738129
0.560678
0.79999
0.182574
0.604747
0.892652
0.194099
0.728857
0.633743
0.699243
0.76315
0.733504
0.249343
0.660453
0.731544
0.69282
0.865028
0.40498
0.64707
1.0
0.365689
0.246626
0.656547
0.211079
0.83927
0.645497
0.888548
0.66919
0.506664
0.81763
0.6173
0.732004
0.491046
0.605631
0.665916
1.0
0.729285
0.62624
1.0
0.896752
0.388112
0.500489
0.484181
0.744387
0.692724
0.196295
0.562731
0.34586
1.0
0.807187
0.219345
0.644988
0.817711
0.847618
0.731753
0.653653
0.0982502
0.887925
0.832188
0.680528
0.445443
0.888626
0.460537
0.886123
0.669346
0.615593
0.787155
1.0
0.574078
0.598915
0.826047
0.614851
0.108014
0.822704
0.535264
0.462331
0.784465
0.590862
0.627402
0.759194
0.54752
0.573127
0.669368
0.666316
0.695693
0.755459
0.827329
0.903026
0.563867
0.712121
0.588709
0.865449
0.717421
0.339226
1.0
0.583358
0.604705
0.625609
0.805437
0.871631
0.424485
0.705429
0.896286
1.0
0.809089
0.526004
0.759952
1.0
0.752737
1.0
0.0107817
0.750366
0.436184
0.575124
1.0
0.470792
1.0
0.897044
0.36348
0.755104
0.310182
0.787726
0.452201
0.822145
0.621678
0.763829
1.0
1.0
0.64929
0.858725
0.681861
0.603216
0.66898
1.0
0.599156
0.793383
0.442113
1.0
0.69282
0.815817
0.817181
0.68427
0.564784
1.0
0.608842
0.658361
0.462785
0.369384
0.797737
0.206982
0.599795
0.619679
0.438591
0.878999
0.638174
0.609875
0.37656
0.582645
0.910542
1.0
0.68457
0.728011
0.737496
0.791203
0.604524
1.0
0.482518
0.820166
1.0
0.662966
0.649537
0.580608
0.80274
0.785411
0.830695
0.445008
0.506794
0.322306
0.654524
1.0
0.360801
0.359555
0.680242
1.0
0.290567
0.277442
0.481868
1.0
0.641925
0.669771
1.0
0.65099
0.485837
0.684422
0.688793
0.881006
1.0
0.545761
0.591329
0.590255
0.422947
1.0
0.81799
0.0386357
0.553881
0.873587
0.728011
0.836772
0.722752
0.503738
0.703674
0.896568
0.799755
1.0
0.530501
0.753728
0.329252
0.674553
0.627239
0.946676
1.0
0.629363
0.654654
0.721255
0.846152
0.610755
0.566022
0.778883
0.860876
0.651039
0.399261
0.46119
1.0
0.504384
0.686053
0.509195
0.454191
0.791745
1.0
0.182951
0.691569
1.0
0.454545
0.151163
0.643447
0.44586
0.610847
0.529925
0.537771
1.0
0.796517
1.0
0.687981
0.480924
0.454025
0.35486
0.667135
0.533155
0.696971
0.7312
0.475472
0.901459
0.322095
1.0
0.621492
0.908255
0.455154
0.359211
0.665383
0.844193
0.76031
1.0
0.670721
0.39998
0.83205
0.592897
1.0
0.925538
0.442113
1.0
0.68478
0.585089
0.810885
0.640302
0.397644
0.526868
0.603361
0.54607
0.941481
0.914871
0.876288
0.880887
0.746856
0.847748
0.681863
0.67841
0.336471
0.516241
0.807503
0.789528
1.0
0.799001
0.518598
1.0
0.663325
0.797644
0.00659237
1.0
0.400596
0.661972
1.0
0.705992
0.72849
0.62137
0.554367
0.445396
1.0
0.814613
0.449901
0.497613
0.393449
0.663233
1.0
1.0
0.710732
0.23792
0.866106
0.467525
0.828201
1.0
0.0096588
0.478024
0.533296
0.595238
0.318901
0.54677
0.572776
0.650188
0.658486
1.0
0.29887
0.565306
0.515194
1.0
0.93782
0.821819
1.0
0.945796
0.302797
0.756191
1.0
0.764364
0.0468165
0.816887
1.0
0.610772
0.714407
0.388857
0.671548
0.472386
0.755259
0.683126
0.513964
0.574074
0.683607
0.408904
-0.00590033
1.0
0.486865
1.0
0.285659
0.740693
0.737743
0.72198
1.0
1.0
0.355383
0.659147
1.0
0.7698
0.634786
0.367461
1.0
0.441023
0.563533
0.890736
2.79397e-09
0.74044
0.590791
0.526685
0.69367
0.579509
0.372342
0.613651
0.75712
0.684475
0.427253
1.0
0.783234
1.0
0.372766
0.471405
1.0
0.678233
1.0
1.0
0.413023
0.614348
0.381286
0.505291
1.0
1.0
0.688212
0.465946
0.461078
1.0
0.712524
0.86032
1.0
0.60003
0.869566
0.616039
0.617251
1.0
0.395919
0.691126
0.932881
0.903873
0.46807
0.737005
0.653476
1.0
0.22832
0.696597
0.724716
0.897897
0.415499
0.826767
0.826767
1.0
0.536344
0.731959
1.0
1.0
0.43342
0.50303
0.831513
0.677687
0.799706
0.669439
0.682156
1.0
0.443203
0.699464
0.682302
0.878137
0.70938
0.667714
0.514032
0.0565685
0.159424
0.534228
0.621619
0.672302
0.362559
0.523705
0.562322
0.655792
0.808999
0.61837
1.0
0.915923
0.456934
0.710394
0.654932
0.456087
1.0
0.369659
0.59567
0.2304
0.206938
0.92187
0.414221
0.578782
0.472431
0.623701
0.570173
0.761808
1.0
1.0
0.656188
0.588348
0.388133
0.692116
0.639132
0.686389
1.0
0.859869
0.64894
1.0
0.441798
1.0
1.0
0.138551
0.930036
0.788507
0.45765
0.674507
0.720158
0.0323911
0.707856
0.608219
0.686866
0.628968
0.695039
0.528164
0.612341
0.787433
0.161444
1.0
0.712483
0.716019
0.536434
0.722296
1.0
0.339441
0.491476
0.62051
0.207547
0.882466
0.201894
0.68838
0.635371
0.871023
1.0
0.43409
0.789233
0.874518
0.793001
0.43571
0.0213358
0.160384
0.56106
0.814518
0.921035
0.700055
0.757112
0.71303
0.751551
0.640697
0.931119
0.921023
0.518895
0.566465
0.759834
0.492646
0.705686
0.579364
0.319293
0.283772
1.0
0.655106
0.647815
0.816887
0.656301
0.718022
0.372831
0.822647
0.644735
0.766862
0.667092
0.692895
0.772319
0.583375
0.578894
0.395782
0.812878
0.394013
0.85999
0.882474
0.827105
0.549595
0.576959
0.784653
0.532327
0.324347
0.74182
0.619679
0.618067
0.602972
0.5834
0.416033
0.678357
0.745874
0.898464
0.820611
0.544212
0.705615
0.33454
0.808326
0.689033
0.56928
0.851216
0.730428
0.763201
1.0
0.814959
0.643244
0.394161
0.631839
0.34033
1.0
0.864242
0.784265
0.504117
0.728011
0.611344
0.696478
0.889946
1.0
0.799351
0.668861
1.0
0.22381
0.591373
0.598205
0.704315
0.697863
0.641989
0.203923
0.34679
0.682495
0.0424594
0.888548
1.0
1.0
0.70924
0.864529
0.707107
0.834978
1.0
0.578005
0.199083
0.789211
0.501332
0.756453
0.492314
0.554245
0.682048
0.377256
0.75487
1.0
0.797635
0.684251
0.635032
0.498384
0.647396
0.431277
1.0
0.85723
0.719727
0.728402
0.643146
0.645681
0.735313
0.902174
0.849889
0.757235
0.669822
0.636606
0.726599
0.434843
0.62508
1.0
0.491438
0.69232
0.781816
0.692675
0.485931
1.0
0.626027
1.0
0.400459
0.700955
0.660296
1.0
0.469058
0.660787
9.31323e-09
0.913222
0.679472
0.572928
0.526405
0.724174
0.674359
0.285701
0.664181
0.824022
0.521554
0.837082
0.456448
0.573895
0.404115
0.554109
0.811054
1.0
0.816537
0.509974
0.703008
1.0
0.346846
0.766214
0.65187
0.670218
0.256022
0.683264
0.866713
0.720582
0.723773
0.697025
0.655798
0.497955
0.539283
1.0
0.881262
0.892801
0.685931
0.7801
0.774139
0.714143
0.769351
1.0
0.640683
0.638554
0.601636
0.381802
0.732134
0.746338
0.35878
1.0
0.829426
0.745447
0.43245
0.830091
0.628727
0.627572
0.593168
0.946753
0.466261
1.0
0.73098
0.880352
0.635815
0.351358
0.689156
1.0
0.454295
0.771569
0.686984
0.805316
0.56423
0.194901
0.707798
0.737442
0.780399
0.670706
0.325792
0.785355
0.120714
1.0
0.653385
1.0
0.689252
0.485643
0.781034
0.593184
1.0
0.608095
0.366667
0.644077
1.0
0.873449
0.689792
1.0
0.557311
0.78142
0.451405
0.426162
0.56576
0.521436
0.684742
0.450323
0.794101
0.796433
0.317194
0.818165
0.650791
0.846499
0.174577
0.667226
0.74325
0.664531
0.840764
0.726964
1.0
0.510063
1.0
-0.112315
1.0
0.334168
0.824903
1.0
0.62442
0.619678
1.0
0.714979
0.818409
0.484071
0.610139
0.88183
0.666921
1.0
0.70811
0.512861
0.162681
0.942625
0.276391
0.859125
0.810928
0.761057
0.697539
0.82182
0.843511
0.725922
0.854692
0.767352
0.716591
0.435326
0.858882
0.407621
0.223501
0.641088
1.0
0.761633
0.569106
1.0
0.902546
0.287752
0.480281
1.0
0.875339
0.785462
0.505393
0.265929
1.0
0.632687
1.0
0.210657
0.570911
0.437728
0.494473
0.376867
0.710573
1.0
0.33804
0.926711
0.0253882
0.682495
0.503111
0.836762
0.882489
1.0
0.410355
0.91816
0.641377
0.573535
0.84884
0.715507
0.875595
0.0825959
0.212702
0.457323
0.821928
0.0507673
0.711563
0.601032
0.56645
1.0
0.521749
0.345955
0.256068
0.73833
1.0
0.724011
0.603539
0.590287
0.783188
0.250147
0.288331
0.752419
0.246131
0.748371
0.574275
0.759587
0.904567
0.935679
0.690498
0.870219
0.734135
0.632347
0.740432
0.413499
0.731805
0.543286
1.0
0.551975
0.311111
0.530892
0.930302
0.456005
0.551556
0.275507
1.0
0.496653
0.631673
0.491884
0.479148
0.91098
0.742106
0.011768
1.0
0.71276
0.596899
-0.00754164
0.542209
0.718221
0.408437
0.418004
0.656731
1.0
0.836205
0.458732
0.827413
0.391125
0.580223
0.462512
1.0
0.714423
0.776912
0.60182
0.658439
1.0
0.320714
1.0
1.0
0.79507
0.797331
0.557512
0.255319
0.368103
0.536225
0.661477
0.494242
0.552158
0.848669
0.662468
0.230566
1.0
0.584417
0.504273
0.849141
0.682994
1.0
0.547545
0.89806
1.0
0.803285
0.0442807
0.315526
0.72748
0.419403
0.784977
0.722135
1.0
0.442867
1.0
0.07646
1.0
1.0
0.647826
0.622
0.644952
0.617167
0.71849
0.648886
0.550667
1.0
0.750934
0.726133
0.113266
0.333678
0.69746
0.0999662
1.0
0.492618
0.65177
1.0
0.698795
0.357008
0.687674
0.712695
0.869318
1.0
0.697196
0.734192
0.821928
0.350258
0.752618
0.68274
0.551687
0.566739
0.582339
1.0
-0.0594322
0.771772
0.5004
1.0
1.0
0.876919
0.228261
0.543655
0.721946
0.704563
0.341006
0.894117
0.892655
0.608097
0.53702
0.768473
1.0
0.287644
0.502721
0.509828
0.535009
1.0
1.0
0.639559
0.434461
0.617138
0.568615
0.865449
1.0
0.713896
0.579084
0.201331
0.564988
0.883198
0.590459
0.267574
0.257329
0.543567
1.0
0.337458
0.446104
0.515345
0.580642
1.0
0.517727
0.829563
0.756078
1.0
0.489846
1.0
0.493237
0.791492
0.693734
0.638883
0.678547
0.366087
1.0
0.487713
1.0
0.866178
1.0
0.583844
0.407929
0.656395
0.340741
0.726247
0.598197
0.914181
0.589078
0.54481
0.853971
0.40772
0.914515
0.292325
0.54907
0.679244
0.440088
0.512615
1.0
0.332639
0.423516
0.237063
0.632456
0.736993
0.916531
0.77942
0.426092
0.536248
0.571204
1.0
0.63224
0.584621
0.325922
0.348548
0.477655
0.700528
0.755732
0.505764
0.760788
1.0
0.842626
0.626849
0.744845
-0.0763381
0.330461
0.0249319
0.438529
0.647887
0.727533
0.661462
0.736538
0.229008
1.0
0.676973
0.827743
0.57714
0.858294
0.75688
0.746326
0.894267
0.898807
1.0
1.0
0.700599
0.670782
0.36507
0.544668
0.244997
0.643726
0.540821
0.851734
0.123604
0.747058
0.601139
1.0
0.870355
1.0
1.0
0.593443
1.0
-0.0113673
1.0
0.803321
0.512901
0.873189
0.21926
0.736579
0.565892
0.673575
1.0
0.607919
-0.102187
0.544808
0.5696
0.721966
0.799606
0.680389
1.0
0.634956
0.428758
0.433465
0.767363
-0.0649926
0.909364
0.62707
0.573548
0.648482
0.405519
0.37409
0.657009
1.0
0.04
0.540702
0.833789
0.786533
0.463077
0.393142
0.519259
1.0
1.0
0.850434
1.0
0.881558
0.632105
0.108347
0.620124
0.102362
0.784093
0.853741
0.0975351
0.634287
0.0601432
0.455333
1.0
0.729325
0.755036
0.586133
1.0
0.737465
0.84138
0.621799
0.891803
0.827105
0.816538
0.634243
0.697669
0.452911
0.719147
0.904176
0.69066
0.763009
0.727845
0.491539
0.412211
0.312872
0.622941
1.0
0.744303
0.819302
0.435761
0.89806
0.81733
1.0
0.637451
0.560557
0.81093
0.747096
0.648318
0.369858
0.718049
0.54191
0.661629
0.834242
0.460984
0.661331
0.489501
0.838511
0.803501
0.552777
0.40146
0.72786
0.916402
0.0667695
0.866025
0.682287
1.0
0.831513
1.0
0.643726
0.14582
0.784344
0.512878
0.329378
0.78137
0.110432
0.714291
0.686441
0.74993
0.733633
0.731762
0.436383
0.751705
0.213109
0.851537
0.639681
0.321136
0.397943
0.981397
0.520797
1.0
0.573568
0.430279
0.794988
0.633422
0.125065
0.226588
0.781959
0.597085
0.823695
1.0
0.806427
0.722895
0.766505
0.633578
0.725001
0.62502
0.503527
0.832315
1.0
0.378933
0.484946
0.310083
0.562008
0.49599
0.795482
0.494266
0.681952
0.559431
0.750436
0.524377
0.903425
0.89101
0.733145
0.704744
0.589662
1.0
0.517485
1.0
0.610272
1.0
1.0
0.84417
0.416975
0.627758
0.89138
0.605563
0.793017
0.742869
0.624254
0.743022
0.721268
0.783418
0.387146
0.47003
0.431491
0.84699
1.0
0.372396
0.56976
1.0
0.8198
1.0
0.7286
0.0550556
0.685431
0.430523
0.125752
0.169018
0.719227
0.431433
1.0
0.531489
0.796475
0.615579
0.871853
0.673132
0.52342
0.369649
1.0
0.356067
0.699705
0.817486
0.133147
0.548483
0.590087
0.915729
0.273417
0.494872
0.791871
0.664483
0.867956
0.856192
0.709991
0.450844
0.758587
0.739903
0.156612
0.560956
0.613831
0.589757
0.648074
0.601323
0.390365
0.465879
0.722166
0.915267
0.260737
1.0
-0.0557278
0.728431
0.667781
0.693954
1.0
0.0639058
0.831617
0.589163
0.709845
0.809767
0.432116
0.587121
0.370125
0.580232
0.671576
0.666635
0.71167
0.443563
0.57421
0.813049
0.421103
0.744858
0.327879
0.879325
0.120723
0.779913
1.0
0.591183
0.689892
0.212
0.836473
0.363042
0.739574
0.424729
0.661667
1.0
0.637459
0.534796
0.520437
0.457987
0.57459
0.832574
0.812723
0.649543
0.558824
0.567568
0.502053
0.700728
0.507326
0.65439
0.541748
0.814004
0.949921
0.700968
0.696125
0.755359
1.0
0.638755
0.540818
0.843173
0.70622
0.686555
0.672452
0.526594
0.843661
0.454736
0.913662
0.780593
0.759956
0.713824
0.402796
0.825752
0.567821
0.777478
0.446891
0.835868
0.634637
0.491026
0.251804
0.642144
0.577948
0.644203
1.0
0.74804
0.816887
0.756038
0.355128
-0.122708
0.594558
0.743711
0.697183
0.592609
0.0639027
0.727017
0.592871
0.86858
0.310049
0.761673
0.883415
0.720144
0.561333
1.0
0.832389
1.0
1.0
0.625687
0.579667
0.736075
0.38799
0.682923
0.783071
0.596784
0.463536
0.54184
0.710569
0.597614
0.262167
0.261361
0.454203
0.799312
0.564486
0.496916
0.653991
0.606542
0.804362
0.433333
0.66723
0.881994
0.228065
0.75113
0.239957
0.852888
0.635485
0.666482
0.757999
0.712065
0.371113
0.817007
1.0
0.686137
0.675128
1.0
0.373446
0.476188
0.344942
0.818014
1.0
0.822403
0.352227
0.398874
0.406097
0.903077
0.55461
0.703339
0.460011
0.555238
0.637953
1.0
0.543766
0.521412
0.803685
1.0
0.837669
1.0
0.788607
0.662765
0.540915
0.753969
0.65328
0.203653
0.732302
0.858725
0.238638
0.46139
0.707494
1.0
0.347692
0.675553
0.383946
0.775279
0.566915
0.244977
0.546656
0.670831
0.683335
0.732682
0.511501
0.0607218
0.651944
0.851841
0.692696
1.0
1.0
0.874716
0.884665
0.653846
1.0
0.848024
0.644976
1.0
0.44553
0.466263
0.597614
0.702823
0.865223
0.785355
0.870471
0.850833
1.0
0.370942
0.868831
0.700496
0.47872
0.723684
0.768092
0.834678
1.0
0.50709
0.677833
0.62854
0.75053
0.77881
0.898312
0.568402
0.776709
0.469337
0.156623
0.576787
0.145767
0.742181
0.648782
1.0
0.201368
1.0
1.0
0.313046
0.763058
0.381834
0.722514
0.673386
0.635176
0.311998
0.661653
0.566861
0.203381
0.258852
0.891381
0.404856
0.464054
1.0
1.0
0.685826
0.835504
0.526322
0.218218
0.665788
0.439563
0.482954
0.923732
1.0
0.533333
0.564238
0.412325
1.0
0.807503
0.490508
0.643093
0.453737
0.634402
0.830868
0.755993
0.464872
0.407098
0.247956
1.0
0.919143
0.816116
0.924678
0.574627
0.679285
0.71504
0.466091
0.407168
0.708402
1.0
0.699788
0.482617
0.596583
0.485071
0.894868
0.424911
0.623966
0.32957
0.774901
1.0
1.0
0.550646
0.745058
0.946753
0.815035
1.0
1.0
0.784509
0.647887
0.626186
0.896443
-0.0508066
0.768733
0.443649
0.766482
0.63895
0.704858
0.343387
0.865488
0.631602
0.41125
1.0
0.707107
0.587961
0.657781
0.829381
0.532682
0.62922
0.761391
0.716457
0.536745
0.167602
0.824856
0.63949
0.739121
1.0
0.348448
0.29277
0.850132
0.819465
0.539942
0.647597
0.787496
0.678646
1.0
0.343509
0.850434
1.0
0.81388
0.678105
0.806427
0.385952
0.602404
0.383548
0.819304
0.662561
0.603529
0.526802
0.439405
0.291551
0.460777
0.599402
0.580945
0.449636
0.75409
0.182396
1.0
0.811534
0.74655
1.0
1.0
0.659911
0.754467
1.0
0.263925
0.548243
1.0
0.7611
1.0
0.776846
0.390935
0.79709
0.661879
1.0
1.0
0.811258
0.760859
0.712549
0.698656
0.731903
0.936334
0.641442
0.783966
0.0166667
0.61451
0.358091
0.615257
0.843274
0.56015
0.369691
0.350411
0.0793805
0.553219
0.853474
0.666756
-0.179993
0.49534
0.83597
0.870639
0.452081
0.674428
0.805385
0.586253
0.220454
0.863075
0.338837
0.51914
0.590913
0.804963
0.347896
0.713449
0.732287
0.5001
0.457856
0.639025
0.642197
0.604799
0.925272
0.75181
0.468035
0.700152
0.468361
0.654005
0.526907
0.531795
0.785876
0.657472
0.563138
0.522887
0.527743
0.43879
0.683313
0.36092
0.712287
0.672364
0.57095
0.261646
0.745948
0.470719
0.514224
0.543017
0.805113
1.0
0.748016
0.873955
0.280717
0.761869
0.537048
0.554755
0.665565
0.480208
1.0
0.595004
0.687189
0.499549
0.458394
1.0
0.752808
1.0
0.415618
0.452437
0.547399
0.526478
0.836564
0.847696
0.513516
0.711521
0.60386
0.911667
0.717331
0.697539
0.450906
0.759425
0.607188
1.0
0.575425
0.456487
0.857507
1.0
0.524736
0.557512
0.677216
1.0
0.772277
0.646367
0.422988
0.494749
0.326679
0.848625
1.0
0.577906
0.682578
0.916044
0.567908
0.642506
0.762544
0.761577
0.618568
1.0
0.713468
0.828389
0.695904
0.327633
0.578633
0.872239
0.698068
0.701947
0.268511
0.318636
0.710116
0.635567
0.683755
1.0
0.4934
0.584427
0.849934
0.148216
1.0
0.826915
0.674293
0.754417
0.407077
0.634689
0.551503
0.848516
0.633121
0.711463
0.795587
0.439938
0.683713
0.677215
1.0
0.730904
1.0
0.658036
0.573299
1.0
0.532624
0.63527
0.536286
0.694418
1.0
0.637748
0.9208
0.343066
0.775315
0.614549
0.185033
0.765454
0.654727
0.788941
0.815306
0.542116
0.714041
0.574276
0.667778
0.219178
0.660916
0.222862
0.419147
0.882489
0.850826
0.866778
1.0
0.730329
0.515935
0.704138
0.556967
0.546817
1.0
0.357317
0.574456
0.860779
0.562806
0.591007
0.148378
0.387418
1.0
0.821781
0.503063
1.0
0.320053
1.0
1.0
1.0
0.481971
0.233668
0.418081
1.0
0.723948
0.728025
0.179111
0.29517
0.798039
0.589373
1.0
0.439522
0.575953
0.710337
0.608383
0.760006
0.560499
0.613551
0.701646
0.808128
0.972776
0.117308
0.694049
0.544103
0.586423
0.690772
0.881599
0.502421
0.640435
0.278054
0.699447
0.747641
0.746722
0.646541
0.193483
0.782525
0.778127
0.502969
0.361547
0.209355
1.0
0.497118
0.793001
0.708786
0.882607
0.516885
0.74587
0.508308
0.521286
0.640791
0.80734
0.530508
0.407096
0.659352
1.0
0.649224
1.0
0.830057
0.760495
0.684759
0.392041
0.860829
0.294776
0.486335
0.575125
0.581058
0.555603
0.138003
0.838828
1.0
0.709521
0.649929
0.627662
0.423766
0.670402
0.448873
0.366609
0.752268
0.696163
0.639389
1.0
0.714503
0.338411
0.848598
0.237801
0.627986
0.390689
0.0191555
0.790439
0.851268
0.895185
0.759082
0.72111
0.262
0.702592
1.0
0.453361
0.458548
0.887521
0.758965
0.679474
1.0
0.461882
0.528396
0.874157
0.511488
1.0
1.0
0.742386
0.362755
0.688098
1.0
0.843276
0.632245
0.643041
0.877269
0.684653
0.374849
0.679103
0.836685
0.644804
0.558165
0.373199
1.0
1.0
1.0
0.672568
0.50664
0.183976
0.581201
0.403485
0.604716
0.596169
0.41233
0.713005
0.642184
0.818626
0.547446
0.851861
0.777616
0.841474
0.352673
0.527344
-0.130004
0.28566
0.299337
0.901021
0.233822
0.700246
1.0
0.70664
0.530539
1.0
1.0
0.563464
1.0
1.0
0.718534
0.763099
0.570894
0.566968
0.911627
0.458072
0.708706
0.457019
0.553173
0.641016
0.794624
0.566549
0.604145
0.537086
0.69567
0.898865
0.191841
1.0
0.690768
1.0
0.613438
0.540853
1.0
0.563734
1.0
0.490629
0.817101
0.702179
0.574835
0.38692
0.588625
1.0
0.462511
0.236723
0.537558
0.857103
0.865386
0.573178
1.0
0.480636
0.838913
0.732363
0.571463
0.518825
0.648199
1.0
0.783966
0.617476
0.782792
0.735791
0.82707
0.801418
0.723944
0.22463
0.388985
0.0700713
0.484452
0.502667
0.685886
0.839382
0.352839
0.304375
0.701272
0.667746
0.649962
1.0
0.86916
1.0
0.902187
0.764743
0.606916
1.0
0.866104
0.773051
0.503038
0.290373
0.712523
0.811054
1.0
0.771175
1.0
0.945811
0.391708
1.0
1.0
0.259359
0.214796
0.601234
0.140217
0.572235
0.759448
0.733678
0.923581
0.664801
0.458159
0.754983
0.637944
0.731425
0.597205
0.574008
1.0
0.79272
0.359709
0.637287
0.477652
0.513069
0.564248
0.659707
0.787633
0.24811
0.715626
0.526685
0.887295
0.43891
1.0
0.40057
1.0
0.665383
0.711911
0.153185
1.0
0.686325
0.609208
0.816513
0.238376
0.188185
1.0
0.529059
0.787185
0.765344
1.0
0.154137
0.811068
1.0
0.451067
0.899915
1.0
0.571548
0.743774
0.84699
0.867403
-0.0566947
0.355303
1.0
1.0
0.743452
0.383691
0.60184
1.0
0.832168
0.515084
1.0
1.0
0.235649
1.0
0.669306
0.32887
0.28459
0.395811
0.188808
0.540456
0.662699
0.730185
0.658145
0.571736
0.79769
0.409469
0.653566
0.909106
0.74303
0.751042
0.532616
0.568707
0.814774
1.0
0.52145
0.832664
0.607531
0.0551535
0.510983
0.502394
0.671278
1.0
0.745086
0.676817
0.411386
0.293378
0.89816
0.821939
0.841239
0.790077
1.0
1.0
0.458784
0.67688
0.591583
0.688594
0.475319
0.589716
0.342949
0.301381
0.430911
0.795129
0.732575
0.663561
0.489844
0.915021
0.782158
0.672367
0.451335
0.159939
0.857568
0.708132
0.432099
0.657428
0.450144
0.892249
0.651584
0.629161
0.647689
1.0
0.649223
0.568624
0.496243
0.776006
0.899104
0.557846
0.370328
0.693063
0.502588
0.522401
0.389887
1.0
0.68874
0.768818
0.587969
0.735886
1.0
0.855291
1.0
0.613432
1.0
0.70752
0.636434
0.276135
0.831512
0.583007
0.634876
0.391539
0.702312
1.0
0.614064
0.750366
-0.0364603
0.803525
0.284858
0.914154
0.933362
0.404303
0.749623
0.0689316
0.761045
0.600962
0.462473
0.825659
0.693669
1.0
0.431421
0.892619
0.38307
1.0
0.925825
0.879525
0.557668
0.840049
0.751665
0.618764
0.69432
1.0
0.762936
0.605871
0.928445
0.911675
0.637874
0.651664
0.856744
0.702713
1.0
0.871825
0.600107
1.0
0.634573
0.375698
0.558035
0.534063
0.415323
0.572849
0.597769
0.223948
0.482872
1.0
0.404949
1.0
0.772436
0.928802
0.359344
0.601487
0.892958
0.435836
0.703857
0.793585
0.686493
0.697427
0.729388
0.551647
0.456647
1.0
0.237021
0.680242
0.68075
0.755087
0.202049
0.719151
0.48252
0.825426
0.660909
0.827578
0.917433
0.564076
0.959014
0.719759
0.483546
0.512415
0.524049
1.0
0.507176
0.72111
-0.0442495
0.840509
0.575212
1.0
0.553256
0.511175
0.715591
0.761302
0.788164
0.278361
0.810293
0.912047
0.288487
0.817384
0.770721
0.579485
0.675951
0.828535
0.553441
0.720387
0.758964
0.71065
0.766513
0.671485
0.833681
0.86221
0.755029
0.68412
0.55338
0.552593
0.265606
1.0
0.027538
0.353032
0.291119
0.787726
0.478753
0.710108
0.638877
0.493998
0.796958
0.720577
1.0
0.350376
0.95065
0.508862
0.805113
0.677154
1.0
0.126977
0.69838
0.742781
0.413263
0.673302
0.528437
0.699953
1.0
0.67082
0.74878
0.479243
0.811054
0.4122
0.702489
1.0
0.322571
0.660656
1.0
0.786929
1.0
0.710588
0.319481
0.807658
0.888416
0.642038
1.0
0.84149
0.68907
0.726069
0.530086
0.807325
1.0
0.751371
0.483042
0.487489
0.400975
0.486834
0.316365
1.0
0.778607
0.475838
0.628895
1.0
1.0
0.504329
0.519738
1.0
0.273594
0.807503
0.587654
0.760259
0.352559
0.447315
0.835736
0.618914
0.649251
0.528791
0.778803
0.685565
0.846025
1.0
0.695279
0.887967
1.0
0.926008
0.675445
0.511616
0.791759
0.766952
0.335975
0.62506
1.0
0.392956
-0.0476769
0.342112
0.705432
1.0
0.871517
0.870697
0.283126
0.531681
0.786214
0.47455
1.0
0.625868
1.0
0.7693
1.0
0.279962
0.431713
0.587945
0.752937
0.773953
0.81188
0.0207379
0.725416
0.818999
0.779279
0.633386
0.505291
0.862469
0.235997
0.570423
0.856856
0.676961
0.832232
0.248217
0.685565
0.555591
0.487599
0.460458
0.78148
0.532766
0.808938
0.666041
0.799047
0.686911
0.633434
0.633847
0.811054
0.733891
0.483779
0.917873
0.852598
0.180679
0.431466
1.0
0.807398
0.651412
1.0
0.451421
0.0971435
0.739439
1.0
0.432578
1.0
0.457084
1.0
0.749239
0.773406
0.647691
0.464244
0.46868
0.68511
0.704344
0.676652
0.812142
1.0
1.0
0.683392
0.60188
0.798983
0.54607
1.0
0.777592
0.557636
0.567677
0.550526
0.652245
0.691564
0.136751
0.879284
0.256063
0.713535
0.525767
0.510891
1.0
0.679196
0.418237
1.0
1.0
0.601423
0.662078
0.812162
0.732909
0.702002
0.89816
1.0
0.0594867
1.0
0.651358
0.643638
0.275894
0.536522
-0.169334
0.768747
0.679885
0.623252
1.0
0.311722
0.226167
0.804914
1.0
1.0
0.833544
0.619513
0.551574
1.0
0.860946
0.724345
0.709838
1.0
0.72289
0.779417
0.318598
1.0
1.0
0.777903
0.404596
0.71038
0.844344
0.794734
0.377263
0.626916
0.827738
0.685954
0.675956
0.841601
1.0
0.670863
1.0
0.821665
0.559698
0.747534
0.677349
0.787919
0.665881
0.759157
1.0
0.741249
0.687786
0.487062
0.875044
0.628056
0.609824
0.419791
1.0
0.594457
0.448005
0.332337
0.777211
0.761319
0.726532
0.654035
0.890735
0.356753
0.788592
0.506028
0.860352
0.840418
0.585069
0.897206
0.698081
0.756709
0.528848
0.696526
0.76116
0.52014
0.737192
0.73136
0.517659
0.70183
0.65
0.575588
0.507716
0.825969
0.587817
0.844211
0.740314
0.533381
0.508242
0.5303
0.503582
1.0
0.551722
0.418268
0.425556
0.73586
0.643499
0.764814
0.505515
0.674684
0.787611
0.880108
1.0
0.92318
0.716784
0.438069
0.188375
0.765899
0.629149
1.0
0.606139
0.619431
0.632568
1.0
1.0
1.0
0.705244
1.0
0.798276
0.748036
0.896934
1.0
0.562827
1.0
0.481854
0.243919
1.0
1.0
0.769258
0.898027
0.390715
0.446721
0.879111
0.625136
0.620318
0.483298
0.714778
1.0
0.38184
0.408185
1.0
-0.0553157
0.770859
1.0
0.941004
0.643362
0.481508
0.608193
0.498779
0.583115
0.0935845
0.759747
0.73147
0.895353
0.271937
0.864586
0.640335
0.756498
0.61649
0.713005
0.789566
0.880228
0.359352
1.0
0.304678
0.662223
0.684015
1.0
0.766587
1.0
0.743547
0.269408
1.0
0.899574
0.813822
0.700628
0.704367
0.736664
0.855115
0.761916
1.0
0.0576683
0.899543
0.846122
0.70704
0.5623
0.740343
0.544971
0.652295
0.67082
0.62502
0.0351547
0.732107
0.802907
0.636698
0.646765
0.62011
0.341511
0.846358
0.368572
1.0
0.666124
0.523475
0.742907
0.575574
0.639002
0.74518
0.739057
0.679493
1.0
0.229483
0.433333
1.0
0.805986
1.0
0.611933
0.850434
0.530723
0.775804
0.65722
0.293191
0.832815
0.671547
1.0
1.0
0.867399
0.933498
0.322087
0.566667
0.557359
0.750844
0.682495
0.694904
0.756324
0.836403
0.786052
0.749734
0.916627
0.699681
1.0
0.864263
0.542813
0.0466319
0.633572
0.641722
1.0
0.418825
0.42683
0.796394
0.355882
0.71053
0.67773
0.772806
0.552357
0.811431
1.0
0.604335
0.833333
0.419231
0.7809
0.605694
0.834408
0.772992
0.700071
0.609833
0.630262
0.826802
-0.143525
0.805316
0.826915
1.0
0.730855
0.700187
0.683191
0.672917
0.499122
0.582772
0.838913
1.0
0.723076
0.615076
0.63046
0.964022
0.53809
0.803895
0.56822
0.812764
0.459938
0.742427
1.0
1.0
0.859285
0.816654
0.781457
1.0
0.589857
0.833922
0.900226
0.610506
0.882394
0.828113
0.678233
0.817586
0.911666
0.623317
0.721134
0.508068
0.697183
0.585318
0.653105
0.60863
0.796299
0.726119
0.504871
0.543129
0.654869
0.870817
0.390171
0.854986
0.845598
0.846699
0.676145
0.540649
0.568845
0.617509
-0.00187543
0.623076
0.707886
0.847449
0.541531
0.264275
0.679607
0.59291
0.880158
1.0
0.790077
1.0
0.524951
0.669469
0.682736
0.253583
1.0
0.681269
0.716534
0.846122
0.798413
0.866025
0.791426
0.835745
0.21909
0.439205
0.742579
0.704684
0.670343
0.813921
0.500313
0.494872
0.494663
0.718249
0.516896
0.57538
0.39651
0.838682
0.367173
0.489712
0.790979
0.663679
1.0
0.666978
0.545949
0.818078
0.526648
0.507941
0.495499
0.636194
0.418991
0.251124
0.389663
0.295141
0.636613
0.41064
0.563946
0.876919
0.377852
0.357505
1.0
0.3656
0.555172
0.88782
0.435014
0.629538
0.629342
0.626177
0.735543
0.742528
0.647036
0.647994
0.0902786
0.469428
0.708576
0.731986
0.395033
0.676768
0.306912
1.0
0.412032
0.857367
0.508917
1.0
0.513299
0.542706
0.818249
1.0
0.660307
0.50701
1.0
0.709905
0.697097
0.553819
0.446462
0.543673
0.682431
0.434715
0.302247
0.552448
0.385758
0.698389
0.54833
0.654236
0.972315
0.712639
0.474106
0.633088
0.590102
0.729153
0.885143
0.819953
0.546729
0.0555043
0.776121
0.693539
0.497892
0.448851
0.834843
0.571709
0.613143
0.285041
1.0
0.725297
-0.0126848
0.459242
0.677609
0.588784
0.734847
0.538492
0.66771
1.0
0.439432
0.773754
0.552941
0.420629
0.727629
0.749872
0.655027
0.718748
0.705882
0.704083
0.290104
0.372678
0.118185
1.0
0.31368
0.861087
0.794734
0.716041
0.862367
0.404411
0.887211
0.765879
0.289157
1.0
0.463389
0.622954
0.766068
0.589135
0.0
0.960907
0.698945
0.896365
0.896817
0.421712
1.0
0.559804
0.577948
0.592007
0.717595
0.348229
0.851537
0.886763
0.765037
0.657964
1.0
0.666721
0.781418
0.132701
0.0150692
0.697106
0.774139
0.360985
0.597084
0.856279
0.837762
0.850823
0.97471
0.569416
0.703416
0.455121
0.738316
0.849141
1.0
1.0
0.605799
0.915788
0.577449
0.409386
1.0
0.638542
0.298478
0.844628
0.71897
0.662726
0.40179
0.657685
0.322497
0.787016
0.456894
0.887915
0.694846
0.738457
0.0470085
0.312841
0.717103
1.0
1.0
0.785663
0.763614
0.544473
0.581226
0.739116
0.836892
0.822844
0.593719
0.43749
0.572529
0.796103
0.337154
0.308308
1.0
0.141298
0.701912
0.847039
1.0
0.398398
0.648684
0.237797
0.791934
0.248069
1.0
0.680174
0.683944
0.876288
0.70993
0.679659
0.645195
0.738046
0.943371
0.178434
0.0952497
0.564288
0.867894
0.295423
1.0
0.475761
0.795158
0.725745
0.569061
0.680877
0.735886
0.69926
0.792159
0.704219
0.691341
0.613083
0.777202
0.144756
0.805464
0.883232
0.298852
0.858048
0.891158
0.812942
0.306814
0.258657
0.417877
0.367963
0.741203
0.698998
0.32287
0.558295
0.291753
0.953024
0.0782489
0.48274
0.636887
0.903119
1.0
0.843557
0.139633
0.430311
0.816843
0.630685
0.72696
0.65159
1.0
0.703281
0.307325
0.323999
0.446857
0.231268
0.697499
0.805151
0.927345
0.538516
0.607105
1.0
0.923337
0.278207
0.622017
0.180255
0.212029
0.872975
0.786313
0.641701
0.931262
0.764211
0.614409
0.37945
0.533918
0.622502
0.739574
0.839945
0.968724
1.0
-0.0375525
0.57329
0.337776
0.737549
0.685866
0.747573
0.624567
0.624611
0.657667
0.745052
0.814798
0.741832
0.676505
0.818575
0.55657
1.0
0.691566
0.509963
0.621119
0.560618
0.570026
0.310445
0.219174
0.214039
0.707107
0.543099
0.528286
0.274036
0.743547
0.613572
0.561904
1.0
0.257384
0.703953
0.826804
0.672858
0.7754
0.139484
0.479483
1.0
1.0
0.607205
0.2668
0.545963
1.0
1.0
0.365758
0.335791
0.5653
0.897898
0.351434
0.104123
0.524195
0.552163
0.156567
0.863075
0.757295
0.314857
0.638537
0.832669
0.69282
-0.0595413
0.329074
0.62761
0.760181
0.64185
1.0
0.368857
0.477015
0.579289
0.381981
0.607293
1.0
1.0
0.657411
0.430067
0.488998
0.535264
0.852068
0.563245
0.268101
0.833789
0.60198
0.545415
1.0
0.433105
1.0
0.689164
0.851841
0.262935
-0.135769
0.469485
0.57735
1.0
0.652583
0.587749
0.131216
0.767026
0.606339
0.833841
0.713268
0.823816
0.346909
0.344999
1.0
0.947705
0.295233
0.542654
0.819978
0.23439
0.55286
0.586161
0.568258
0.862111
0.739411
0.273106
0.722024
0.619551
0.676902
1.0
0.715829
1.0
0.872154
0.166379
0.489478
1.0
1.0
0.669201
0.789352
0.647365
0.673333
0.632694
0.698384
0.645323
0.746186
0.670399
0.203628
0.89793
0.652543
0.541694
0.597755
0.535187
0.806881
0.210915
0.510733
0.619276
1.0
0.706101
0.579657
0.411671
0.819069
0.663699
0.428205
0.700954
0.49736
0.674544
0.785258
0.791803
0.777367
1.0
1.0
1.0
0.802201
0.70487
0.419052
1.0
1.0
0.663803
0.906404
0.863417
0.289389
0.734413
0.766865
1.0
0.86359
0.865449
0.836095
0.00384991
0.647952
0.820417
0.922387
0.121666
0.69568
0.699496
0.380445
0.329662
0.660566
0.88878
0.504248
0.7237
0.3678
0.905827
0.32525
0.296775
0.542259
0.588321
0.486879
0.754574
0.377787
0.490102
0.797219
0.020998
0.551301
0.657724
0.37495
0.884569
0.75265
0.358357
0.773172
0.544473
0.717462
0.591583
0.569161
0.781404
0.629488
0.329707
0.472121
0.548095
0.544829
0.42135
1.0
0.608576
0.47238
0.647943
0.602473
1.0
0.661094
0.760117
0.670134
1.0
0.26421
0.484853
0.564088
1.0
0.55347
1.0
0.699933
0.712407
0.612031
1.0
0.329461
0.640846
0.673029
0.338157
0.861745
1.0
0.682363
0.878276
1.0
0.522806
0.799706
1.0
0.714025
0.600233
0.516551
0.777903
1.0
0.83004
0.803042
0.566052
0.767781
0.805113
0.435639
0.674743
0.893139
0.435261
1.0
0.77561
0.688143
0.65789
0.756205
0.640061
0.718692
0.697892
0.79635
0.848411
0.613578
0.560079
0.666482
0.464546
0.843927
0.612365
0.311266
0.826915
1.0
0.621492
0.605443
0.596297
0.615141
0.753527
0.387202
-0.197143
0.930816
0.752713
1.0
0.788498
0.532385
0.879488
0.465351
1.0
0.762381
0.570323
0.303535
0.559644
0.17828
1.0
0.600036
0.847004
0.570443
0.100922
0.697722
0.713544
0.456859
0.817424
1.0
0.59812
0.754247
0.562376
0.586983
0.559017
0.51527
0.922226
0.538592
0.672087
0.502775
0.797354
0.646088
0.87256
1.0
0.614764
0.800739
0.444116
0.557746
0.709088
0.82182
1.0
0.706792
0.488649
0.793525
0.670361
0.806032
0.514242
0.468464
0.409615
0.808396
0.700249
0.601929
-0.178696
0.727963
0.53202
1.0
0.480663
0.557012
0.838039
0.525819
1.0
0.732494
0.817633
0.948935
0.599479
0.7579
0.776745
0.631264
0.607745
0.633474
0.557306
0.70225
0.82182
0.801884
0.550006
0.237929
0.585999
0.510952
0.906073
0.451642
0.537447
0.378274
0.348792
0.676872
0.440369
0.309943
0.611732
0.382939
0.826869
0.594248
1.0
0.629429
0.474106
0.939538
0.71539
0.402069
0.309159
-0.00892786
0.507175
0.700676
0.42775
0.803548
0.523367
0.877108
0.631497
0.781162
0.689063
0.803917
0.63644
0.881355
0.0130536
0.577596
0.713616
0.176241
0.136372
0.519054
0.195821
0.661617
0.53184
0.412476
0.565685
0.518851
1.0
0.418109
0.831462
0.404491
0.822144
0.724956
0.917588
0.686208
0.592595
0.592777
0.525034
0.781947
0.40829
0.563408
0.828472
0.827939
0.645963
0.796736
1.0
0.321412
0.565628
0.433566
0.54901
1.0
0.733296
0.692007
0.399147
0.549604
0.632342
0.856279
0.429838
1.0
0.373632
0.706305
0.594511
0.226181
0.947641
0.583874
0.476827
0.512198
0.783418
0.286843
0.40234
0.76809
1.0
0.532952
0.639597
0.832315
0.585292
0.276793
0.300062
0.306697
1.0
0.813947
0.663679
0.525876
1.0
0.206813
0.601846
0.862035
0.49007
0.919839
0.525961
0.592727
1.0
0.346298
0.821939
0.41014
0.787153
0.743002
0.750555
0.437237
0.466252
0.575114
0.564433
0.575613
0.421414
0.673676
0.851544
0.805006
0.851655
0.688544
0.647952
1.0
0.633015
0.71527
1.0
1.0
0.726532
0.330319
0.807866
0.716189
1.0
0.562655
0.733596
0.467925
0.240464
0.766555
0.685196
0.818277
1.0
1.0
0.83417
1.0
0.616441
0.87302
0.694611
0.758227
0.501301
0.540078
0.511464
0.707161
0.765885
0.375244
0.233664
-0.0942731
0.59066
0.801289
0.941196
0.579879
0.933906
1.0
0.474949
0.704378
0.748032
0.617038
0.519429
0.614599
0.375321
1.0
0.501328
0.708939
0.509478
0.822144
0.546634
0.685565
1.0
0.530983
0.794101
0.843211
0.379109
0.502975
0.575006
0.479161
0.685565
0.116554
0.841597
0.561776
0.724629
0.333032
0.126182
1.0
0.775135
0.379681
1.0
0.903603
0.821939
-0.0938674
0.668618
0.579439
0.779294
0.358074
0.523773
0.800778
0.100686
0.158681
0.0906468
0.765375
0.175412
0.649619
-0.101015
0.718381
0.701535
0.461615
0.86157
0.0
0.653566
0.696733
1.0
0.704922
1.0
0.700529
0.854506
0.41091
0.863471
0.904403
0.6842
0.718984
0.594375
1.0
0.492386
0.475374
0.654918
0.461989
0.669919
0.799613
0.388103
0.789126
0.832389
0.327315
0.405139
0.51237
0.880123
0.770499
0.262779
0.81626
0.666069
0.768115
0.599906
0.953459
0.401333
0.498203
0.664179
0.615387
0.708086
0.654461
1.0
0.337804
0.546983
0.78152
0.599921
0.829782
0.170414
0.501631
0.574714
0.74272
0.713388
0.850434
0.623202
0.535237
0.561186
0.477688
1.0
0.706305
1.0
0.477412
0.723895
0.868927
1.0
0.293696
0.707985
0.518509
1.0
0.793581
0.697429
0.846217
0.459252
1.0
1.0
0.671321
1.0
0.47718
0.113699
0.510999
0.702032
0.240737
0.611275
0.836268
0.535359
0.508406
0.7986
0.566306
0.877923
1.0
0.341024
0.645067
0.721082
0.495531
1.0
0.616822
1.0
0.179473
0.844992
0.6844
0.0
0.840882
0.305608
0.76833
1.0
0.103732
0.284934
0.750824
0.71708
0.726905
1.0
0.663846
0.533431
0.815606
0.840444
0.770364
0.739713
0.717066
0.672568
0.712795
0.225076
0.850556
0.720553
0.590723
0.795658
0.847549
1.0
0.479456
1.0
0.68313
0.0756274
0.308013
0.559847
0.814417
1.0
0.714619
0.319539
0.895863
0.447598
0.492957
0.693119
0.92318
0.934885
0.0654868
0.78738
1.0
0.553661
0.669273
0.697388
1.0
0.347524
0.874426
0.637127
0.582396
0.542997
0.476461
0.237788
0.620805
0.47834
0.643806
0.726856
0.707009
0.95101
0.640076
0.496139
0.626769
0.840281
1.0
0.652358
0.934626
0.0181984
0.568713
0.765635
0.800791
0.679997
0.768887
0.671941
0.221397
0.646282
0.737444
0.471991
1.0
0.641573
1.0
1.0
0.626335
0.904313
0.800181
0.369519
1.0
0.875127
0.869743
1.0
0.86411
0.564324
0.291856
0.303736
0.890773
0.725062
0.74642
0.854941
0.762731
0.120701
0.811068
0.682776
0.135485
1.0
0.48355
1.0
0.563922
1.0
0.240843
0.579239
0.604698
0.807618
0.692375
1.0
0.67555
0.797293
0.853712
0.877862
0.668585
0.584595
0.637645
0.56067
0.573342
0.61869
0.244879
1.0
0.62613
0.771533
1.0
1.0
0.664411
0.544595
0.7498
1.0
1.0
0.620999
0.896197
0.806427
0.778
0.573972
0.715764
0.0401041
0.326459
0.748669
1.0
0.738651
0.784026
0.739105
0.877269
0.526787
0.601562
0.65157
0.677849
0.301613
0.759895
0.666679
0.594013
0.829856
1.0
1.0
1.0
1.0
0.718506
0.4655
0.298481
0.842824
0.543288
-0.0861586
1.0
0.613364
0.323745
0.264593
0.559851
1.0
0.805302
0.506226
0.529655
0.619493
1.0
0.587329
0.754253
0.823007
1.0
0.747953
0.613066
0.486769
0.191743
0.549915
0.694238
1.0
0.69212
0.720271
0.655339
1.0
0.254438
0.546413
0.861857
0.676232
0.854478
0.748331
0.807402
0.616953
0.827743
1.0
1.0
0.776907
0.952624
0.725608
0.334625
0.896725
0.485461
0.409925
0.939578
0.833333
0.697722
0.730522
0.776122
0.934587
0.664735
0.750375
0.509119
0.371888
1.0
0.641505
0.455192
0.807087
0.698185
0.775076
0.629194
0.660046
0.607866
0.682048
0.865634
0.678579
1.0
0.598678
0.587505
0.805065
0.480104
0.495024
0.707215
1.0
0.920154
0.561712
0.517476
0.435883
0.883782
0.87649
1.0
1.0
-0.16107
0.669231
0.303046
0.83451
0.737388
0.591859
1.0
0.738025
0.860829
0.636078
0.365179
0.537401
0.63752
0.635525
0.638595
0.650213
-0.025639
0.702038
0.391088
0.588446
0.261311
1.0
0.590848
0.273268
0.311262
0.767024
0.474379
0.870521
0.548757
1.0
0.756644
0.545275
1.0
0.731125
1.0
0.738433
0.167376
0.872357
0.581331
0.495897
1.0
0.224323
0.323918
0.497599
0.904157
1.0
0.750041
0.391726
1.0
-0.150466
0.525499
0.333446
0.66439
1.0
0.75515
0.324077
0.570006
0.520352
0.67006
0.600925
0.957319
0.924062
0.685508
0.600633
0.660419
0.705512
0.777732
0.431796
0.375319
0.508294
0.548219
0.659683
0.694791
0.757528
0.637606
1.0
0.572235
0.58471
1.0
1.0
1.0
0.303094
0.787016
0.771869
0.750312
0.645687
0.53936
0.690235
0.36609
1.0
0.762535
0.666667
0.590319
0.49417
0.588378
0.390364
0.576298
1.0
0.472101
0.63118
0.747182
0.443071
0.812764
0.869776
0.804963
0.161505
0.528101
0.713089
1.0
0.880754
0.716692
0.722649
0.761694
0.56956
0.922104
0.427021
0.883294
0.561529
0.656608
0.450322
1.0
0.560139
0.648413
1.0
1.0
0.340192
0.186244
0.787633
0.23913
0.209941
0.812337
0.650939
0.699464
0.683902
0.5433
0.731126
0.499565
0.747009
0.657248
0.694394
0.806628
0.472993
0.477213
0.594564
1.0
0.844211
0.693559
0.864028
0.82704
0.558728
0.696197
0.7
0.880771
1.0
0.728862
0.777561
1.0
0.692203
0.818704
0.778291
0.551749
0.686394
0.808871
0.735398
0.521749
0.75402
0.875067
0.763142
1.0
1.0
1.0
0.176928
0.550288
0.828606
0.564152
0.455313
0.42498
0.702662
0.587379
0.21639
0.727187
0.572833
0.575197
0.718296
0.415207
0.303479
0.635286
0.894202
0.682242
0.930098
0.807838
0.705024
0.165016
0.543968
0.496881
0.463671
0.613995
0.701371
1.0
1.0
0.606981
0.764008
1.0
0.733422
0.82738
1.0
0.863601
0.379873
0.474142
0.628111
0.740707
0.831513
0.644315
0.694961
0.816887
0.732347
0.36164
0.542556
0.513856
0.460622
0.531496
0.738549
1.0
0.760189
0.384571
1.0
1.0
0.749179
0.795698
0.745271
1.0
0.679294
0.823004
0.682371
0.60395
0.239182
0.700455
0.747117
1.0
0.881303
0.698416
0.600213
0.468165
0.597678
0.840918
0.635371
0.6307
0.696421
0.499511
0.410002
0.298565
0.474827
0.728534
0.828174
0.655154
0.640738
0.573237
0.736959
0.547723
0.592349
0.676661
0.751559
0.10041
0.663724
1.0
1.0
0.657267
0.145565
0.514535
0.347247
0.43069
0.456073
0.800859
0.447249
0.677188
0.462497
0.561952
0.772784
0.562375
0.843927
0.699074
0.827105
0.568527
0.619245
0.783891
0.484907
0.764292
0.75
0.660358
1.0
0.788506
0.581494
0.739016
0.0317319
1.0
0.578479
0.771848
0.613516
0.872041
0.491354
0.662401
0.719256
0.367902
1.0
0.783433
0.187464
0.735611
0.76725
0.700887
0.495601
1.0
0.826109
0.865028
0.743053
0.83115
0.806986
0.557007
1.0
1.0
0.541074
0.784344
0.545403
0.614079
0.870105
0.48433
1.0
0.610834
0.49637
0.513069
0.765169
1.0
0.720423
0.546555
0.734968
0.706292
0.0167799
0.566352
0.632729
0.530849
0.426917
0.883477
0.697744
0.406558
1.0
0.424468
0.53033
0.715805
0.158813
0.709486
0.869536
0.800327
0.64207
0.665838
0.716268
0.641522
0.829667
0.816534
0.735404
0.0936251
0.620382
0.519411
0.572536
0.511357
0.608142
0.122601
0.638045
0.639626
0.79222
0.74639
0.794725
0.688426
0.888982
1.0
0.713852
0.823326
0.49349
0.698413
0.724087
1.0
0.85404
0.544938
0.642419
0.698242
0.573027
0.00676852
0.715348
0.443129
0.710273
0.501817
0.4344
1.0
0.581214
0.760982
0.705639
1.0
0.404964
0.613512
0.440626
1.0
0.787123
0.333623
0.726964
0.618903
0.815049
1.0
0.717531
0.435026
0.447026
0.929896
0.58842
0.730523
0.976448
0.725057
0.642903
1.0
0.769166
1.0
0.199411
0.527858
0.684185
0.159517
0.709733
0.847737
0.783032
1.0
0.450988
0.537546
1.0
0.623839
0.840231
0.35273
0.473921
0.921035
0.350761
0.729932
0.771401
0.769545
0.39285
0.462031
1.0
1.0
0.598901
0.683243
0.725476
0.412471
0.778086
0.0493197
0.801658
1.0
0.710185
0.671233
0.893053
0.668596
0.448207
0.696034
0.293005
0.676469
0.675194
0.674359
1.0
0.786381
0.49439
0.563823
0.64716
0.546028
0.64206
0.797212
0.0297519
0.838674
0.74843
0.603991
1.0
0.25294
1.0
0.802512
0.766255
0.407528
0.729477
0.27646
0.554919
0.267308
0.341278
0.593083
0.68698
0.880352
1.0
1.0
0.858366
0.588011
0.526229
1.0
0.702128
0.852013
0.463345
0.595173
0.70968
1.0
0.693494
0.520604
0.0979326
0.50848
0.623111
0.449734
1.0
0.419945
1.0
0.755012
0.613438
0.588479
0.812698
0.861729
0.727482
1.0
0.401218
0.747946
0.715377
0.65189
0.73817
0.703733
0.85468
0.606478
0.780045
0.597703
0.61913
0.69282
1.0
0.493259
1.0
0.55816
0.452167
0.904087
0.606573
0.66969
0.792348
0.758855
0.773138
0.730362
0.830058
0.412152
1.0
0.877527
0.850705
0.799093
0.773983
0.412186
0.797741
0.457628
0.730034
1.0
1.0
0.816885
0.425818
0.874437
0.426358
1.0
0.625068
0.919237
0.705186
0.197319
0.809816
0.785437
0.874543
0.299045
0.416309
0.804558
0.411959
0.577785
0.0950462
0.128051
0.57688
0.82112
0.731049
0.529084
0.843105
0.561769
0.738997
0.808552
0.525707
0.798984
0.44809
0.670485
0.259781
1.0
0.539676
0.781256
0.551582
0.0976458
0.839359
0.305825
0.83961
0.892786
0.409423
0.638014
0.790291
0.74506
0.779246
0.407112
0.686537
1.0
0.672133
0.535888
0.490009
0.602718
0.823167
0.841785
0.30697
0.570479
0.64646
0.58158
1.0
0.40545
0.601452
0.754112
0.629869
0.959014
0.722225
0.772691
0.922265
0.606977
0.553863
0.410911
0.493877
0.675623
0.361298
0.570703
0.666795
1.0
0.467541
0.78434
0.671642
0.823586
1.0
0.843115
0.501071
0.84232
0.36854
0.757937
0.600076
0.0982334
0.662545
0.863154
0.129741
0.789558
0.797289
0.761274
0.813578
0.61021
1.0
0.544878
0.352263
0.730146
1.0
0.684744
1.0
0.732467
0.814605
1.0
0.88363
1.0
0.492798
0.606072
0.637509
1.0
0.611593
0.423164
0.48206
1.0
0.837197
0.788507
0.766034
0.750251
0.427213
0.650087
0.130513
0.52108
-0.160413
0.450366
0.483861
0.232126
0.63816
0.853943
0.962046
0.256039
0.362048
1.0
0.794537
0.741461
0.8661
0.759711
0.353107
0.468521
0.58169
0.895016
0.276263
0.861571
0.737655
0.367851
0.649937
0.547087
0.54588
0.73835
0.846515
0.633333
0.896752
0.729201
0.446497
0.299719
0.562901
0.603918
1.0
0.52
1.0
0.726359
0.833548
0.782717
0.717637
0.501377
0.5622
0.305115
1.0
0.197724
0.21134
0.728617
1.0
-0.0378295
0.677354
0.827105
0.754213
1.0
0.351897
0.283999
0.401754
0.735959
0.651076
0.691641
0.88833
0.686345
0.790101
0.549762
0.797556
0.873609
0.596183
0.580948
0.957027
0.731513
0.182156
0.624922
0.451195
0.643917
0.766285
1.0
0.640576
0.672489
0.64623
0.506075
0.401801
0.82674
0.816918
0.617335
1.0
0.741969
1.0
0.8
0.734821
0.821658
0.794121
0.53531
0.74987
0.960791
0.772714
1.0
0.798747
0.705625
0.757142
1.0
0.854321
0.819167
0.335578
0.677603
0.512371
0.884209
0.663466
0.509042
0.433659
0.548396
0.229819
0.574032
1.0
0.320934
0.50002
1.0
1.0
0.545705
1.0
0.75265
0.788838
0.604346
0.826767
0.775792
1.0
0.471238
0.639885
1.0
0.732228
1.0
0.435165
0.193317
0.660941
0.856142
0.620752
0.00318952
0.603426
0.687693
0.849944
0.824235
0.662366
0.372425
0.618249
0.520325
1.0
0.919847
0.65922
0.801641
0.683591
1.0
1.0
0.590296
1.0
0.749251
0.573944
1.0
0.699379
0.697744
0.648815
0.843812
0.552037
0.684236
0.662369
0.132429
1.0
0.317012
0.770458
0.777627
0.55673
0.651342
0.577196
0.678265
0.115049
0.654918
0.406428
0.593171
0.812417
0.68838
0.694568
1.0
1.0
0.103843
0.817304
0.547599
1.0
0.302607
0.427764
0.454532
0.527156
0.812647
0.800968
0.91803
0.421485
0.626512
0.746665
0.711842
0.245303
0.560585
0.469896
0.808627
0.748176
0.784977
0.570825
0.657622
0.909698
0.52603
0.214498
1.0
0.403796
0.604087
0.328175
0.773527
0.500318
0.629815
0.580947
0.687633
0.2415
0.592786
0.48713
1.0
0.511111
0.353393
0.583516
0.721569
0.688664
1.0
0.461322
0.437383
0.62886
0.466569
0.68006
0.850033
0.737402
0.592254
0.440791
0.911296
0.162069
0.45101
0.917582
0.794871
0.816654
0.626143
0.682804
0.428652
0.582176
0.643819
0.480839
1.0
0.707357
0.71924
0.887344
0.560499
0.746746
0.732324
0.827696
1.0
0.875569
0.68358
0.259648
0.673423
0.676123
1.0
0.863456
0.745499
0.933798
0.611701
1.0
0.517227
0.689565
0.296695
0.815344
0.703557
0.48122
0.76349
0.672105
0.825693
0.608491
0.645024
0.818923
0.799295
1.0
0.228254
0.70231
0.744349
0.638163
0.185287
0.848632
0.489064
0.23511
0.539246
0.385164
0.30747
0.548293
0.534752
0.350356
1.0
1.0
0.549433
0.300307
0.562878
0.741249
0.783706
0.350325
0.629455
0.793052
0.693103
0.621179
1.0
0.488678
0.671233
0.519029
0.856462
0.870237
0.57058
0.297104
0.543305
0.655983
0.664721
0.554806
0.484147
0.220721
0.483972
0.486167
0.742462
0.796555
0.654257
0.620153
0.793477
0.663325
0.623302
0.840477
0.928905
0.502836
0.494125
0.336112
0.616882
0.507698
0.783677
0.476368
0.411335
1.0
0.521682
0.779013
0.761907
0.682708
0.688617
0.677846
-0.0788292
0.70014
0.867379
0.896995
0.558389
0.806891
0.754983
0.63558
0.137303
1.0
0.879861
1.0
0.63122
0.846327
-0.0596658
0.400031
0.782908
0.726303
0.836
0.240506
0.548151
0.797803
1.0
0.71153
0.876717
0.437774
1.0
1.0
0.904204
0.600591
0.786715
0.66745
0.611673
1.0
0.713068
0.45608
0.771482
0.828562
0.666428
0.459988
0.740534
0.700826
0.337532
1.0
0.679976
0.480151
0.584431
0.526949
0.913064
1.0
0.672917
0.744639
0.54926
0.909457
0.456854
0.818105
0.844182
0.605259
0.891785
0.6017
0.689252
0.763304
0.533358
0.211736
1.0
0.797553
0.706606
0.675241
0.611046
0.229579
1.0
1.0
1.0
0.247029
0.41188
0.750801
0.244204
1.0
0.576171
1.0
1.0
0.555035
1.0
0.864529
0.167303
0.720324
0.614987
0.583115
0.702853
0.584736
0.322731
1.0
0.643906
0.482464
0.54619
0.750468
0.64438
1.0
1.0
0.440768
0.310839
0.801367
0.655895
0.753778
0.689673
0.521681
0.771255
0.476791
0.719228
0.651629
0.128894
0.414673
0.777505
0.727424
0.769756
0.483761
0.75857
0.52806
0.49289
0.680351
0.688943
0.866025
1.0
0.136653
0.339326
0.501777
0.556967
0.608407
0.824022
0.795304
0.614342
0.647659
0.307409
0.0720993
0.468558
0.215464
1.0
0.148695
1.0
0.458947
1.0
0.76725
0.366
0.736411
1.0
0.460285
0.793052
1.0
0.523771
0.603975
0.57572
0.611164
0.743295
0.741891
0.875339
0.743507
0.476463
0.812441
0.150818
0.452351
0.695439
0.528962
0.511566
0.730378
0.620227
0.69247
0.669072
0.892168
0.708865
0.812764
0.885918
0.869722
0.506943
0.244216
0.677432
0.196005
0.388312
1.0
0.149515
0.747794
0.916436
0.592035
0.0758693
0.639763
0.784692
0.591208
1.0
0.267686
0.861691
0.721956
-5.58794e-09
1.0
0.598878
0.40356
0.289235
0.622972
0.82022
0.844758
0.650066
0.887296
1.0
1.0
0.879736
0.888965
1.0
0.521249
0.530742
0.507807
0.4674
1.0
0.619681
0.6617
1.0
0.518786
0.615612
0.714286
0.78452
0.893162
0.702447
1.0
0.682782
0.932453
0.843181
0.85337
0.352282
0.784985
0.178685
0.830819
0.853474
1.0
0.304146
1.0
0.703163
0.805097
0.74407
0.863154
0.780146
0.146239
0.502824
0.380508
0.781632
0.197264
0.835883
0.631301
0.758048
0.884005
0.85348
0.367089
0.416357
0.512686
0.278222
0.713095
0.574338
0.513542
1.0
0.885934
0.722443
0.564632
0.651908
0.670936
1.0
0.335636
0.557022
0.462521
0.811116
0.574204
0.556276
0.754798
0.880394
0.554603
0.752284
0.886871
1.0
0.448436
0.735203
-0.120772
0.364069
0.919141
0.0424264
1.0
0.737756
0.0140028
0.241519
0.652438
0.731958
0.283586
0.540108
0.784222
0.738924
0.688196
1.0
0.867367
0.881895
0.364044
0.831889
0.755768
0.250681
0.562692
0.359481
1.0
0.714133
0.60613
0.547011
0.778504
0.35007
0.619796
0.557776
0.594396
0.488095
0.655793
0.512736
0.552631
0.702527
0.760812
1.0
1.0
0.536694
0.893053
0.633333
0.834749
0.482564
0.85469
0.841102
0.531125
0.508475
1.0
0.612942
1.0
0.847626
0.791831
0.609498
0.205252
1.0
0.734847
0.76087
0.727424
0.877688
0.667446
0.768115
0.363483
1.0
1.0
0.811099
0.718428
0.059051
0.622026
0.0843075
0.798323
0.413919
1.0
0.62508
0.578761
0.810931
0.519633
0.29309
0.818112
0.796343
0.836473
1.0
0.580387
0.370974
0.16067
0.693933
0.727461
0.861527
0.762083
0.69716
0.648619
0.796853
-0.146078
0.669057
0.868804
0.685565
0.057735
0.515733
0.725092
0.592535
0.261349
0.53418
0.872212
0.781597
0.69212
0.497067
0.190701
0.502706
0.894792
0.592144
0.83702
0.362703
0.528853
0.914666
0.48213
0.648446
0.907659
0.664193
0.576557
1.0
0.365317
0.247604
0.295496
0.822602
0.876714
0.942597
0.748705
0.71589
1.0
1.0
0.703629
0.478551
0.744487
0.523475
0.393508
0.816301
0.831727
0.597396
0.273297
1.0
0.828613
0.469942
0.55857
0.70027
1.0
0.816654
0.714766
0.701793
0.796709
0.817206
0.360471
0.815018
0.596595
0.826007
0.482342
0.786157
0.221271
0.639391
0.781394
0.717391
0.427266
1.0
0.47528
0.719256
1.0
1.0
0.774129
0.218705
0.760469
0.565447
0.496342
0.703196
1.0
0.692965
0.06742
0.632312
0.737964
0.720178
0.47676
0.895647
0.74162
0.859343
0.504808
0.417029
0.799613
0.710118
0.620476
0.729545
0.352124
0.917063
0.797198
0.870237
0.705896
0.239473
0.658177
0.610461
0.799124
0.441666
0.423559
0.698859
0.692451
0.74782
0.415374
-0.0863751
0.627975
0.521537
0.779343
0.656684
0.586028
0.837478
0.399344
1.0
0.311235
1.0
0.106064
0.556499
0.644065
0.376061
0.639526
0.297684
0.463381
0.317687
1.0
0.769478
0.14383
0.530137
1.0
0.578435
0.379045
0.645358
0.634232
0.713412
0.504703
0.659736
0.76865
0.781025
0.792629
0.625554
0.449073
1.0
0.291013
0.865714
0.615702
0.826915
0.582543
0.735543
0.653478
0.866029
0.794759
0.689486
0.881385
0.653273
0.841997
0.676905
0.50288
1.0
0.742823
0.824621
0.483097
0.511674
0.529921
0.901166
1.0
0.783547
0.720106
1.0
0.7
1.0
0.183765
0.69921
0.833414
1.0
0.590899
-0.169334
0.403333
0.69282
0.539598
1.0
0.0732928
0.809402
1.0
1.0
0.128093
0.604831
0.608336
0.785063
0.87488
0.292729
0.688426
0.704008
0.693931
0.311111
0.529698
0.503155
0.553833
0.490356
0.594245
1.0
0.568075
0.367461
0.56606
0.720857
0.542093
0.324045
0.812971
0.822951
0.661319
0.928855
0.699118
0.894693
1.0
0.803331
1.0
0.657794
0.588638
0.536633
0.376996
0.589409
0.788137
0.119312
0.604578
0.715036
0.0308803
0.804961
0.884341
0.805614
0.7
0.970345
0.673754
0.708268
0.380716
0.646371
1.0
0.71951
1.0
0.644872
0.582684
0.740506
0.798984
0.660941
0.513451
1.0
0.521286
0.873031
0.532104
0.747127
0.707107
0.688787
0.688086
0.471461
0.775868
0.639389
0.52113
0.699821
0.735402
0.791749
0.871181
0.577748
0.317406
0.702247
0.74514
0.401675
0.643459
0.594777
0.804914
1.0
0.837649
1.0
0.925867
1.0
0.770432
0.790289
1.0
0.676021
0.598212
1.0
0.800123
0.569232
0.577632
0.142382
0.401147
0.575415
0.636341
0.829043
0.771454
0.624706
0.757072
0.896987
0.840374
1.0
0.238914
1.0
0.627754
0.729924
0.316516
0.616909
0.517801
0.132408
0.805343
0.738513
0.0683199
0.816575
0.274562
1.0
0.219649
0.679283
0.30135
0.689458
1.0
1.0
0.579731
0.67592
0.26266
0.830166
0.754765
1.0
0.843179
0.671111
0.404492
0.473491
0.681959
0.68853
0.828201
0.843006
0.605847
0.36735
0.851838
1.0
1.0
0.802712
1.0
0.30244
0.0548439
0.526282
0.810681
1.0
0.504808
0.582026
0.836315
0.605962
0.340997
1.0
0.415097
0.371647
0.351311
0.770387
0.853567
0.864735
0.64991
0.594622
1.0
0.497084
0.840321
1.0
0.724843
1.0
1.0
1.0
0.871312
0.48693
-0.1
0.406267
0.628539
0.536539
0.77594
0.824105
0.834873
0.268257
0.729048
0.426164
0.598366
1.0
0.134793
0.69697
0.812122
0.414725
0.527735
0.624866
0.881799
0.73455
0.0520266
0.545753
1.0
0.826915
0.421179
0.342582
0.823886
0.877878
1.0
0.637819
0.684633
0.649834
0.56722
0.73572
0.632456
0.677397
0.864586
0.126204
0.890909
0.646021
0.66159
0.685565
0.758319
0.773974
0.754364
0.188948
0.76105
1.0
0.69845
1.0
0.873273
0.548754
0.593278
0.860829
0.875711
1.0
0.62836
0.189499
1.0
0.708161
0.543354
0.609311
0.46864
0.687445
0.811904
1.0
0.459889
0.348067
0.777421
0.814285
0.573684
0.811258
0.932127
0.619059
0.786334
0.418477
0.578808
0.71139
0.748896
0.427081
0.852702
0.904079
0.571634
0.437841
0.312252
0.487275
0.649615
0.790318
0.884666
0.706439
0.422724
0.774885
0.631239
0.928393
0.237227
0.17358
0.319987
0.735538
0.33383
0.479301
0.697252
0.642011
0.849934
0.8373
0.678004
0.466241
0.811068
0.6404
0.777616
0.672452
0.101073
1.0
1.0
0.596803
0.279943
0.883477
0.883232
0.646774
0.282819
0.871452
0.648748
0.632005
0.769919
0.811068
0.761633
0.768472
0.611023
0.78122
0.512054
0.778716
1.0
1.0
0.742084
0.543414
0.493264
0.848243
0.712834
0.813354
0.870289
0.590791
0.350763
0.77997
0.759257
0.279741
1.0
0.199822
0.662369
1.0
1.0
0.431145
0.56813
0.864464
0.649904
0.758202
0.903439
0.300011
1.0
1.0
0.742434
0.737907
0.663325
1.0
0.797427
0.540707
0.159587
0.627687
0.633227
0.67612
0.611642
0.510241
0.672092
0.863075
0.761795
1.0
0.664722
0.578284
0.711475
0.33491
0.674586
0.631835
0.722693
1.0
0.227255
0.139948
1.0
0.470751
0.615764
0.86157
0.688847
-0.0739196
0.712065
0.562862
0.442434
0.402657
0.918082
0.886763
0.439155
0.575758
0.866105
0.431676
0.300965
0.90821
0.890725
0.727579
0.855277
0.530882
0.667955
0.68643
1.0
0.67792
0.770138
0.827747
0.618821
0.647381
0.636658
0.851691
0.732777
1.0
0.712747
0.58125
-0.125176
0.82393
0.369159
0.770617
0.668404
0.706918
0.80606
0.50362
0.848105
0.890493
0.239046
0.604849
0.547206
0.380727
0.699785
0.829535
1.0
0.429986
0.274359
0.537043
1.0
0.388594
1.0
0.744774
0.72175
0.497416
0.677708
1.0
0.756479
0.465879
0.514733
0.845284
0.546536
1.0
0.599005
0.7
1.0
0.597942
0.514743
0.932202
0.0
0.632005
0.593214
0.670608
0.645544
0.643939
0.739449
0.778393
0.728044
0.526397
-0.160156
0.64166
0.783575
0.706605
1.0
0.334833
1.0
0.684075
0.681829
0.464234
0.855074
0.151429
0.595844
0.5938
0.138053
0.547789
0.651714
0.209565
0.437289
0.112696
0.67796
0.51754
1.0
0.854635
0.583668
0.250269
0.651331
0.472034
0.809874
0.89806
0.717898
0.68219
1.0
0.856192
0.893071
0.747409
0.759932
1.0
0.929986
0.659103
0.749061
0.832362
0.243267
0.179507
0.593297
0.934606
0.960072
0.572892
1.0
0.642835
0.872888
0.709762
0.890565
0.86052
1.0
0.853272
0.856888
0.469473
0.833333
0.774018
0.549711
1.0
0.709764
0.470777
0.821819
0.476393
0.0797366
1.0
0.548319
1.0
0.629001
0.619558
0.551015
0.739895
1.0
0.719101
0.856855
0.779397
0.108309
0.714143
0.577196
0.533531
1.0
0.599976
1.0
0.61698
0.43305
1.0
0.747205
0.661335
0.232577
0.351432
0.637673
0.655744
0.734847
0.917272
0.666904
0.667779
0.592474
0.197777
0.617458
0.528396
0.685954
1.0
0.679104
0.281002
0.316543
0.730763
0.81405
0.716108
0.434513
0.460711
0.370005
1.0
1.0
0.692538
0.567501
1.0
0.888416
0.59291
0.608108
1.0
0.586388
0.260896
0.4771
0.727302
0.417044
0.680961
0.648907
1.0
0.511603
0.779356
0.379173
0.88993
0.393974
1.0
0.444357
0.524922
0.725053
0.486973
0.521672
0.654977
0.586416
0.770347
1.0
0.662024
0.253758
0.384261
0.609775
0.445914
0.711169
0.620001
0.906272
0.325957
1.0
0.563622
1.0
1.0
0.789201
0.613842
0.646897
0.738367
1.0
0.544227
0.577972
0.0712069
0.557692
0.585286
0.742675
0.856305
1.0
0.212533
0.50912
0.803525
0.464688
0.848243
0.472495
0.702437
0.826282
1.0
0.700722
0.84338
0.676553
0.717208
0.539776
0.690326
0.662673
0.444266
0.52326
0.758266
0.701272
0.817808
0.618972
0.660947
1.0
0.960001
0.827709
0.354858
0.697807
0.763152
0.521515
0.834705
1.0
0.744114
0.869928
0.14186
1.0
0.229065
1.0
1.0
0.69282
0.0519356
0.558631
1.0
0.482149
0.88708
0.846399
0.627606
1.0
0.750375
0.835158
0.726284
1.0
0.614378
0.727334
0.809759
1.0
1.0
0.739945
0.501214
0.604931
0.428845
0.293184
0.774547
0.800418
0.561999
0.137795
0.483285
0.449514
0.778607
0.863266
0.775178
0.429453
0.584602
0.477446
0.573428
1.0
0.46559
0.406613
1.0
0.694582
0.783839
0.819328
0.793318
0.674043
0.639716
0.798228
0.182072
0.828476
0.828008
0.736636
0.643876
0.190755
0.624907
0.878693
1.0
0.634611
0.613902
0.271039
0.602385
0.852239
0.554047
0.337689
1.0
0.640128
0.614214
1.0
0.928497
0.681489
0.282011
0.287887
0.640261
0.668939
0.746628
1.0
0.566083
0.478088
0.795455
1.0
0.358383
0.49557
0.333742
0.625821
0.775232
0.415478
0.762339
0.526372
0.519492
1.0
0.687919
0.46881
0.586783
0.630181
0.834492
0.483628
0.726523
0.30411
0.711955
0.603844
0.566113
0.763455
1.0
1.0
1.0
0.864586
0.74628
0.588897
0.71899
0.595749
0.398565
0.689277
1.0
0.485325
0.640153
0.639586
0.832678
1.0
0.789545
0.684159
0.705842
0.235702
1.0
0.251515
0.259289
0.710465
0.816538
0.729796
0.387298
0.691703
0.892171
0.643836
0.708899
0.652108
0.275323
0.823586
0.86916
0.479635
0.635296
0.580443
0.821038
0.138391
0.548879
0.325601
0.517361
0.598447
0.740978
0.545891
0.671156
0.393664
0.481354
0.905916
0.696254
0.785596
0.681887
0.66541
0.803575
1.0
0.483988
0.695678
0.836473
0.803879
0.829725
0.642275
0.628895
0.548948
0.861527
0.174132
0.595255
1.0
0.605892
0.21358
0.879111
0.346896
0.259498
0.739079
1.0
0.658057
0.794228
0.756604
0.732245
0.695397
0.612314
0.732994
0.690539
0.778516
1.0
0.720961
0.713955
1.0
0.728929
0.514582
0.571394
0.920129
0.638012
0.816631
1.0
0.750059
0.898432
0.838198
1.0
0.175662
0.226984
0.572964
0.894439
0.425815
0.88588
0.388057
0.701206
0.541396
0.655744
0.542515
0.756297
0.786809
0.678621
0.768247
0.571923
0.671539
0.442683
0.76742
0.672727
0.5
0.728869
0.537109
0.874411
0.688899
0.720072
0.720719
0.805614
0.65433
0.500229
1.0
0.836585
0.377866
0.301878
0.499848
0.794927
0.678307
1.0
0.836115
0.576166
0.629612
0.602224
0.650417
0.362069
1.0
0.468304
0.573049
1.0
0.568658
0.58331
0.373803
0.960712
0.703592
0.328855
1.0
0.551424
1.0
0.491814
0.719339
0.584526
0.905698
0.965371
0.71053
0.718071
0.290453
1.0
0.867472
0.67082
0.626278
0.565048
0.629707
0.697087
0.496592
0.567178
0.84232
0.795701
0.878123
0.551376
0.8941
0.65195
0.74162
0.023094
1.0
0.215469
0.671054
1.0
0.745748
0.680865
0.714885
1.0
0.424285
6.51926e-09
0.693062
0.476108
0.763167
0.439536
0.744683
0.73637
0.810583
0.23094
0.821939
0.896365
0.492465
0.241444
0.889908
1.0
0.754826
0.841389
0.524702
0.311486
0.633509
1.0
0.551411
0.64524
0.49152
1.0
0.20292
0.668501
0.410576
0.84447
0.812398
1.0
0.571397
1.0
0.632891
0.784051
0.479271
0.595538
0.495517
0.705024
0.68853
0.561295
1.0
0.57735
0.482313
0.695346
0.875693
1.0
0.702439
0.663838
1.0
0.749699
0.508152
0.655031
0.655744
0.930323
0.241808
0.698953
0.506805
0.763152
0.509578
0.847917
0.403071
1.0
1.0
0.531929
0.711009
0.63609
0.717399
0.62668
0.739611
-0.137706
1.0
0.622706
0.503301
0.746367
0.743256
0.0298974
0.504571
0.49106
0.715819
0.660296
0.606168
0.863922
1.0
1.0
1.0
0.578374
0.405847
0.722208
1.0
1.0
0.615955
0.673575
0.534526
0.809544
0.632576
0.871853
0.707835
1.0
0.699379
0.425922
0.798984
0.662583
0.318039
0.581985
0.668641
0.632456
1.0
0.890871
0.697431
0.149592
0.771494
1.0
0.867813
0.541208
0.205472
0.750873
0.555766
0.752802
0.414614
0.696774
0.816714
1.0
0.65536
0.333831
0.608866
0.798066
0.747636
0.566066
0.330378
0.766703
0.729027
0.688519
0.236211
0.476293
0.643181
0.805081
1.0
0.377472
1.0
0.877683
1.0
0.971889
0.891803
0.576705
0.618399
0.940234
0.841236
0.724589
0.572298
1.0
0.524839
0.559328
0.793662
0.723096
1.0
0.200245
0.748331
0.740933
0.433639
1.0
0.297287
0.759177
0.75961
0.126155
0.568688
0.689159
0.437519
0.276286
0.313258
0.723168
0.396703
0.786316
0.903535
0.856502
0.759779
1.0
0.545227
0.543251
0.555761
0.381043
0.737539
0.566071
0.636178
0.844418
0.890723
0.561886
0.707842
0.633333
0.541236
0.559804
1.0
0.312151
0.674967
0.315481
0.491378
0.664897
0.665103
0.594829
0.830819
0.657376
0.243193
0.242782
0.523268
0.128338
0.41292
0.906073
0.471817
0.912871
0.259694
1.0
0.685248
0.618819
0.644818
0.847449
0.518889
0.679162
0.925371
0.371958
1.0
0.850215
0.0337545
1.0
0.861943
0.656444
0.736073
0.465782
1.0
0.860698
0.788445
0.00618037
0.575435
0.540006
0.597011
0.333014
0.805094
0.644879
1.0
0.816887
1.0
0.614018
0.867008
0.155629
0.839813
0.832389
1.0
0.728011
0.560334
0.66744
0.756733
0.801052
0.682299
0.689661
0.600552
0.65372
0.156717
-0.0414644
0.610052
0.678762
1.0
0.216217
0.792643
0.811942
0.88777
0.59315
0.674847
0.550093
0.729523
1.0
0.780465
1.0
0.5434
1.0
1.0
0.832789
0.827625
1.0
0.408603
0.512703
1.0
0.654515
0.839339
0.709494
0.558234
0.67402
0.579668
0.547383
0.507383
0.840217
1.0
0.709773
0.835437
1.0
0.714445
1.0
0.837175
0.712362
0.422799
0.509539
1.0
0.672215
0.483117
0.410889
0.474424
0.438599
0.544428
0.676802
0.607068
1.0
0.578039
1.0
0.449536
0.752082
1.0
0.740772
0.52298
0.369808
0.759223
0.551523
0.639352
0.779144
0.665775
0.24917
0.942332
0.899543
0.882852
0.907604
0.339467
-0.0988468
0.644077
0.600333
0.408639
0.953131
0.892653
0.0146319
0.377029
0.533876
0.860478
-0.0412082
0.706689
0.850665
0.787479
0.895298
1.0
0.0
0.545995
0.394828
0.688583
0.75921
0.588948
0.697183
1.0
0.708075
1.0
0.6245
0.459679
0.694238
0.462502
0.386105
0.542748
0.671804
0.413812
0.428243
0.863728
0.529623
1.0
0.843448
0.552607
0.863075
0.57638
0.840281
0.562109
0.879638
0.467044
1.0
0.877998
0.697744
1.0
0.728628
0.830205
0.847266
0.757795
1.0
0.392004
0.889701
0.78576
0.655485
0.715187
0.622772
0.938943
0.896934
0.341343
1.0
0.36022
0.551294
0.381509
0.845403
0.790569
0.751104
0.664353
0.85375
0.798104
1.0
-0.0794724
0.266398
0.626871
0.0638285
0.22239
0.670914
0.515688
0.827379
0.848211
0.578059
0.772891
0.723923
0.566769
0.811528
0.933744
0.775676
0.509457
0.761006
0.522093
0.786381
0.200207
0.644201
0.863471
0.829122
0.87632
0.532445
0.840281
1.0
0.715871
0.227035
0.561696
0.662338
0.501868
0.407497
0.724659
-0.178925
0.765251
1.0
0.299539
0.605371
1.0
0.785814
0.452938
0.867956
1.0
0.688137
0.670451
0.502156
1.0
0.350434
1.0
0.625996
0.773879
0.304082
0.260624
0.502331
0.586244
0.870521
0.768927
1.0
0.618834
0.464642
0.0
0.169497
0.500444
0.390541
0.715796
0.810928
0.617395
0.826804
1.0
0.461784
0.795249
1.0
1.0
0.20403
0.678323
0.713774
0.576069
1.0
0.897105
0.83205
0.467492
1.0
0.257958
0.831513
0.623372
0.522976
0.546129
0.827384
0.91921
0.715542
0.963
0.675211
0.617814
0.4419
0.288675
0.828566
0.493939
0.104942
0.645942
0.795046
0.087299
0.493322
1.0
0.568901
0.709316
0.303274
0.441984
0.357167
0.176804
0.390715
0.673994
0.658822
0.861571
0.65536
0.62325
0.521285
0.456274
0.714275
1.0
-0.0681537
0.428496
0.793339
0.874157
0.171354
0.4717
0.769208
0.828202
0.729362
0.785825
1.0
0.728296
1.0
0.808129
0.729996
1.0
1.0
0.752207
0.521133
0.542129
0.684799
0.33984
1.0
0.697938
0.862108
1.0
0.23548
0.486605
0.216704
0.917439
0.870387
0.621833
0.413937
0.710854
0.66564
0.5766
0.857148
0.761627
0.483155
0.536079
0.419213
0.729882
1.0
0.582006
0.66231
0.210058
0.826902
0.885906
0.770882
0.850665
0.588625
0.369941
0.699022
0.780189
0.79717
1.0
0.725339
0.481571
0.578855
0.680011
0.207299
0.571467
1.0
0.139338
1.0
1.0
0.698586
0.379717
0.476838
1.0
0.75683
0.727365
0.569061
0.769931
0.772408
0.544331
0.548293
0.708995
1.0
0.350883
0.308425
0.0508784
0.719428
0.784599
0.886864
0.808129
0.577852
0.480232
0.81632
1.0
1.0
0.768155
0.145699
0.66773
0.788194
0.256828
0.37881
0.198929
0.445012
0.491294
0.566188
0.616453
1.0
0.774619
0.134901
0.616067
0.796533
0.716582
0.61667
0.537666
0.49327
0.246435
0.511891
0.649595
0.706737
0.941742
1.0
0.519145
0.546974
0.686911
0.630548
0.360242
0.519613
0.585487
0.746631
0.736883
0.638442
0.854043
0.728011
0.548927
0.776241
0.902077
0.480384
0.45272
0.790028
0.389967
0.139374
0.480747
0.619057
0.294653
0.60547
0.3286
0.799305
1.0
0.659427
0.458258
0.402202
0.421294
0.392685
1.0
0.844162
0.526065
0.725692
0.209324
0.930024
0.804012
0.722325
0.47813
0.0158231
0.470733
0.512474
0.037519
0.607616
0.529547
0.546869
0.810885
0.597649
0.50495
0.62022
0.494902
0.339673
1.0
0.864529
0.798914
0.761433
1.0
0.385375
0.857205
1.0
1.0
0.5928
0.588892
0.598777
0.653275
0.486577
0.593095
0.883139
0.4064
0.810128
0.618635
0.771305
0.692821
0.284068
0.661965
0.383166
0.880025
0.313104
0.869462
0.373897
0.43643
0.0328323
0.301599
0.108692
0.787844
0.0708119
0.838742
0.535678
0.758975
1.0
0.775485
1.0
0.576659
0.0
1.0
1.0
1.0
1.0
0.772141
1.0
0.200312
0.871631
1.0
0.614445
0.765405
0.642371
0.275785
0.741391
0.518519
0.903314
0.582965
0.88261
0.474372
0.733916
1.0
0.549557
0.564234
0.890836
1.0
1.0
0.489925
0.797909
1.0
0.663325
-0.0752577
1.0
0.952531
0.798984
0.363941
0.337176
0.685565
1.0
1.0
0.469574
0.911221
0.868851
0.554416
0.672154
0.780399
0.826137
0.744582
0.696517
0.822144
0.782616
0.71932
0.331801
0.863471
0.238751
0.633042
0.583324
0.35188
1.0
0.476552
0.951791
0.923806
0.684742
0.603032
1.0
1.0
0.63094
0.494255
1.0
1.0
0.031239
0.537935
0.713948
0.691251
0.732325
1.0
0.674966
0.649164
1.0
0.735561
0.453825
0.577781
0.901217
0.686295
0.597961
0.735896
0.643237
1.0
0.816667
0.609285
0.664972
0.232523
0.531864
1.0
0.779351
0.362513
-0.0534522
0.0809301
0.289122
0.875164
0.11994
0.837209
1.0
0.852713
0.767335
0.666435
0.799706
0.89394
0.688671
0.752463
0.475824
0.495013
0.427241
0.126683
0.349501
0.244203
1.0
0.940482
0.941742
1.0
0.109508
0.656545
0.316983
1.0
1.0
1.0
0.332003
1.0
0.53398
0.733305
0.908963
1.0
0.573935
0.858167
0.824128
0.282009
0.39014
0.367508
0.664418
1.0
0.558124
0.69747
0.177541
0.491473
0.74782
0.49553
0.629196
0.314135
0.726593
1.0
0.451538
0.852272
1.0
0.710334
0.698775
0.53517
0.378202
0.602494
0.713797
0.855664
0.531703
0.649182
0.760181
0.558318
0.311925
0.269742
0.734999
0.824623
0.48825
0.90138
1.0
0.849934
0.687259
0.421954
1.0
0.704008
0.248604
0.300711
0.554547
0.767988
0.720989
0.336429
0.568492
0.769467
0.702515
0.484002
0.688919
0.7542
0.662898
0.671399
0.645214
1.0
0.563369
0.826743
0.439674
0.590946
1.0
0.526729
0.639803
0.768852
0.22842
1.0
0.700415
0.78839
0.401762
0.586085
0.793903
0.723158
0.67972
0.685047
0.647704
0.0298124
1.0
0.344626
0.0471084
0.847181
0.240357
0.671703
0.767076
0.865028
0.470837
1.0
0.735882
0.546667
