-----------yhat 1 --------
0.0
0.121800840986
0.123104073987
0.222504467834
0.236826455255
0.256938533251
0.279627826843
0.282431768293
0.288887172785
0.301121071942
0.305972948442
0.306509795207
0.308936957239
0.312805616998
0.316981223406
0.32063585243
0.320786016469
0.326026298115
0.341717631643
0.342190329408
0.34571089634
0.346675505431
0.349280116539
0.349331188807
0.353531514596
0.356182176075
0.362807007978
0.362933469927
0.364023058435
0.365803190737
0.367209590724
0.367779377873
0.369595729095
0.370829509903
0.373099359661
0.376906352894
0.37838698939
0.379616634882
0.388224087149
0.389800143597
0.395007614743
0.396436920138
0.397315677859
0.398644963835
0.398658184608
0.399037630814
0.400711295662
0.401179445315
0.409542493959
0.409907683206
0.412837763445
0.415223221224
0.416182419872
0.416220462096
0.419481998299
0.420526666542
0.420670800721
0.421096404764
0.421418961085
0.423896327725
0.4253456331
0.427614069654
0.428940590165
0.431400735137
0.434675535223
0.435358747453
0.438124961445
0.441594716973
0.444407377083
0.444466165616
0.444858953382
0.447471995715
0.448631895833
0.451274915043
0.455510690578
0.455574894067
0.456055422762
0.456155685515
0.456184093509
0.460633578152
0.461589246958
0.464423143772
0.464765609484
0.46558783944
0.471812946856
0.473788826367
0.473813482029
0.47392912206
0.474771643016
0.475370355448
0.47581671802
0.478400789519
0.480799890807
0.481252796068
0.482342050253
0.483395609791
0.483796678391
0.485159763076
0.487971596214
0.488624176246
0.489714424141
0.49150709734
0.49287749473
0.493285034112
0.493663072926
0.493919090853
0.494220463917
0.495076910691
0.498297409494
0.49899974335
0.500618929528
0.501265844131
0.502509826479
0.502794954229
0.503544832356
0.505279952075
0.505813343192
0.507854973284
0.510066440441
0.510485779814
0.511774741615
0.51230783876
0.512405207691
0.512823664901
0.515795768256
0.517269266422
0.521695527501
0.522013672473
0.523152241921
0.523727792765
0.524151856799
0.52530668108
0.525575368269
0.528543966346
0.53097046173
0.532101384934
0.53380909014
0.534222745262
0.534548057816
0.539194772308
0.539485195405
0.539530501827
0.539767169644
0.5416348783
0.542709139539
0.54378931472
0.545025501539
0.545108197128
0.545160615824
0.547126806639
0.547454382926
0.55147008683
0.552438089768
0.553936159027
0.555100664343
0.555412740087
0.556906986546
0.557214931978
0.557679015425
0.557748073875
0.55948646133
0.559711630237
0.559835053083
0.560560927418
0.560998643394
0.561614223989
0.561934629163
0.56233554514
0.562370933808
0.56263409828
0.563989630419
0.564024115348
0.56457568791
0.56744283638
0.567608773015
0.569544392818
0.572394464901
0.575245605765
0.577239920445
0.577313069878
0.577433376274
0.578332785597
0.579115014208
0.580826703798
0.581955984784
0.582394031087
0.584344628223
0.587443059944
0.589714852986
0.590292175425
0.590329711233
0.590634381904
0.591236229727
0.595207710911
0.597366366939
0.599245370432
0.599410122073
0.600908953511
0.601246081616
0.601417368539
0.603045759378
0.603386120251
0.604616373299
0.604755642945
0.60621099775
0.610171593266
0.61034432524
0.610429551399
0.610995723003
0.612054709602
0.613415584264
0.614265000031
0.614759518125
0.617104644405
0.617685189753
0.618374081679
0.619075739084
0.623067594981
0.62452940433
0.626900203131
0.627518495884
0.627688407556
0.628197802888
0.628986962475
0.629284038609
0.629729609339
0.630369606971
0.631081404729
0.6332431246
0.635948599045
0.636065021652
0.638428213422
0.638669203799
0.638814282585
0.63943847073
0.639773659345
0.64091730695
0.641044293174
0.641072219387
0.648064061747
0.648317505349
0.651020988162
0.652820849808
0.653210367757
0.653849807301
0.654340349749
0.656012302441
0.656116160394
0.656121248404
0.659211859344
0.660408059068
0.663672527648
0.664545130808
0.667080658234
0.668015920193
0.669915602863
0.670463776106
0.670702441519
0.673658884228
0.674375812773
0.675229997181
0.675360102751
0.68150359253
0.682558234394
0.682603605004
0.682832165874
0.682865793021
0.684863936317
0.686315119491
0.687336225458
0.68968261757
0.695331450072
0.695538679603
0.69784571378
0.700201996581
0.701335875982
0.701538288823
0.70174609356
0.70192198528
0.703461266332
0.703659850447
0.704349378725
0.705143285944
0.706654254451
0.706884712171
0.70791530157
0.708327763413
0.709511436454
0.711182940018
0.711429485804
0.71213790107
0.713267971326
0.714772709329
0.715993382464
0.717133620342
0.717758457001
0.718687835746
0.722217752674
0.72432877633
0.727286983225
0.72730583848
0.729179287988
0.729653656691
0.733358551632
0.735148666305
0.736137182959
0.737824730375
0.740774725675
0.740837173737
0.741348206953
0.742885528771
0.743568654653
0.743996999767
0.744650056744
0.746541909011
0.749140348883
0.750126149423
0.755914611224
0.757823053331
0.758311538535
0.759273517576
0.76204271055
0.764900794496
0.765049161537
0.76626031732
0.766746628164
0.769361019016
0.771593346872
0.772719783023
0.774604622718
0.778068560616
0.780067200463
0.780427095096
0.782359436529
0.784628661136
0.786032924542
0.787637784479
0.789359436007
0.790512564159
0.790900717555
0.790912845036
0.791538181873
0.792328439542
0.792444242165
0.792671149744
0.793842438684
0.795587639919
0.795788085646
0.797608291216
0.798235617952
0.798235617952
0.798272522689
0.80033525129
0.803602649607
0.805665426229
0.807418307915
0.807731567336
0.81010913882
0.810125453507
0.81504155146
0.818115850252
0.818234180089
0.818686738153
0.818747143621
0.819702522473
0.820379567786
0.823739880085
0.824580696306
0.825257348367
0.82546839287
0.826295619498
0.82732459194
0.827996379795
0.83468947835
0.839061510599
0.842218410617
0.843060839757
0.845220911159
0.845818198006
0.846445319829
0.851655692219
0.851819752055
0.853065104868
0.854049535529
0.855418542574
0.857638063183
0.857967343979
0.858543278125
0.859386486445
0.862354729447
0.863832417738
0.864966711248
0.866310558021
0.868912408573
0.874083112088
0.875673399087
0.875873167804
0.876837569764
0.877696097785
0.885799825433
0.886033073901
0.890948752832
0.893435072402
0.893878589655
0.895551008536
0.895555555556
0.897296501537
0.898598339082
0.898904705778
0.899259032549
0.899259055763
0.900110681162
0.900654137298
0.901455395833
0.902941901438
0.905139032441
0.90774261034
0.911173917544
0.91666128842
0.917223081683
0.917563614085
0.922629913271
0.924308689108
0.925610531007
0.927237614087
0.929502797977
0.931823957267
0.934770781481
0.945621799807
0.945903650983
0.94744843333
0.95037988433
0.951465417518
0.952677375194
0.957039672235
0.958796306185
1.0
1.0
1.0
1.0
1.0
1.0
1.0
1.0
1.0
1.0
1.0
1.0
1.0
1.0
1.0
1.0
1.0
1.0
1.0
1.0
1.0
1.0
1.0
1.0
1.0
1.0
1.0
1.0
1.0
1.0
1.0
1.0
1.0
1.0
1.0
1.0
1.0
1.0
1.0
1.0
1.0
1.0
1.0
1.0
1.0
1.0
1.0
1.0
1.0
1.0
1.0
1.0
1.0
1.0
1.0
1.0
1.0
1.0
1.0
1.0
1.0
1.0
1.0
1.0
1.0
1.0
1.0
1.0
1.0