-----------yhat 0 --------
0.121800840986
0.222504467834
0.236826455255
0.256938533251
0.256938533251
0.256938533251
0.279627826843
0.279627826843
0.279627826843
0.308936957239
0.308936957239
0.308936957239
0.308936957239
0.312805616998
0.312805616998
0.316981223406
0.320786016469
0.320786016469
0.320786016469
0.320786016469
0.320786016469
0.326026298115
0.326026298115
0.342190329408
0.342190329408
0.342190329408
0.342190329408
0.342190329408
0.34571089634
0.365803190737
0.365803190737
0.365803190737
0.367209590724
0.367209590724
0.367779377873
0.367779377873
0.367779377873
0.367779377873
0.367779377873
0.376906352894
0.376906352894
0.376906352894
0.37838698939
0.388224087149
0.396436920138
0.397315677859
0.399037630814
0.399037630814
0.399037630814
0.399037630814
0.409542493959
0.409542493959
0.409542493959
0.409542493959
0.420670800721
0.420670800721
0.420670800721
0.420670800721
0.421096404764
0.421418961085
0.421418961085
0.421418961085
0.421418961085
0.421418961085
0.421418961085
0.4253456331
0.427614069654
0.428940590165
0.428940590165
0.434675535223
0.434675535223
0.434675535223
0.434675535223
0.444407377083
0.444466165616
0.444466165616
0.444858953382
0.448631895833
0.451274915043
0.455574894067
0.455574894067
0.456184093509
0.456184093509
0.456184093509
0.456184093509
0.461589246958
0.461589246958
0.461589246958
0.464423143772
0.464423143772
0.464423143772
0.46558783944
0.46558783944
0.473788826367
0.473813482029
0.473813482029
0.47581671802
0.478400789519
0.480799890807
0.481252796068
0.481252796068
0.482342050253
0.482342050253
0.482342050253
0.483395609791
0.483796678391
0.488624176246
0.488624176246
0.488624176246
0.488624176246
0.488624176246
0.488624176246
0.488624176246
0.489714424141
0.493663072926
0.493919090853
0.494220463917
0.495076910691
0.49899974335
0.49899974335
0.49899974335
0.49899974335
0.49899974335
0.501265844131
0.501265844131
0.503544832356
0.505279952075
0.505279952075
0.505813343192
0.505813343192
0.507854973284
0.510066440441
0.51230783876
0.51230783876
0.51230783876
0.522013672473
0.523152241921
0.524151856799
0.52530668108
0.52530668108
0.52530668108
0.52530668108
0.52530668108
0.525575368269
0.528543966346
0.534222745262
0.539485195405
0.539530501827
0.542709139539
0.542709139539
0.542709139539
0.542709139539
0.545160615824
0.545160615824
0.545160615824
0.545160615824
0.55147008683
0.552438089768
0.553936159027
0.555412740087
0.556906986546
0.556906986546
0.556906986546
0.556906986546
0.556906986546
0.556906986546
0.557214931978
0.557214931978
0.557214931978
0.557214931978
0.55948646133
0.559711630237
0.559835053083
0.559835053083
0.561614223989
0.561614223989
0.561614223989
0.56233554514
0.56263409828
0.56263409828
0.56263409828
0.56263409828
0.56263409828
0.564024115348
0.564024115348
0.564024115348
0.564024115348
0.572394464901
0.572394464901
0.572394464901
0.575245605765
0.575245605765
0.575245605765
0.577313069878
0.577313069878
0.577313069878
0.577433376274
0.577433376274
0.579115014208
0.584344628223
0.587443059944
0.589714852986
0.589714852986
0.589714852986
0.589714852986
0.589714852986
0.589714852986
0.590292175425
0.590634381904
0.597366366939
0.599245370432
0.599245370432
0.599410122073
0.600908953511
0.601246081616
0.601246081616
0.601417368539
0.604616373299
0.604755642945
0.604755642945
0.612054709602
0.613415584264
0.614265000031
0.614265000031
0.614265000031
0.614759518125
0.614759518125
0.614759518125
0.617104644405
0.617104644405
0.618374081679
0.62452940433
0.627518495884
0.628197802888
0.628197802888
0.628986962475
0.628986962475
0.629284038609
0.629284038609
0.631081404729
0.635948599045
0.635948599045
0.636065021652
0.638669203799
0.641044293174
0.641044293174
0.641044293174
0.641044293174
0.648064061747
0.652820849808
0.652820849808
0.653849807301
0.656012302441
0.656116160394
0.656116160394
0.656121248404
0.664545130808
0.667080658234
0.667080658234
0.667080658234
0.668015920193
0.668015920193
0.668015920193
0.668015920193
0.673658884228
0.673658884228
0.673658884228
0.682558234394
0.682603605004
0.682832165874
0.682865793021
0.682865793021
0.682865793021
0.684863936317
0.695331450072
0.695538679603
0.695538679603
0.695538679603
0.695538679603
0.695538679603
0.700201996581
0.701335875982
0.701335875982
0.701538288823
0.701538288823
0.70174609356
0.703659850447
0.708327763413
0.708327763413
0.708327763413
0.709511436454
0.711182940018
0.711182940018
0.711182940018
0.711429485804
0.711429485804
0.711429485804
0.711429485804
0.711429485804
0.711429485804
0.714772709329
0.714772709329
0.715993382464
0.717133620342
0.717758457001
0.737824730375
0.743568654653
0.743568654653
0.746541909011
0.749140348883
0.749140348883
0.759273517576
0.76204271055
0.76626031732
0.76626031732
0.766746628164
0.769361019016
0.772719783023
0.780067200463
0.780067200463
0.780067200463
0.780067200463
0.780427095096
0.780427095096
0.780427095096
0.780427095096
0.782359436529
0.782359436529
0.782359436529
0.782359436529
0.784628661136
0.786032924542
0.789359436007
0.789359436007
0.789359436007
0.790912845036
0.790912845036
0.790912845036
0.790912845036
0.790912845036
0.792328439542
0.792328439542
0.792328439542
0.792328439542
0.792328439542
0.792328439542
0.792328439542
0.792328439542
0.792444242165
0.792671149744
0.793842438684
0.793842438684
0.795587639919
0.795587639919
0.795587639919
0.798235617952
0.798235617952
0.798235617952
0.80033525129
0.805665426229
0.805665426229
0.807418307915
0.81010913882
0.810125453507
0.81504155146
0.81504155146
0.818115850252
0.818115850252
0.818115850252
0.818115850252
0.818686738153
0.818747143621
0.820379567786
0.839061510599
0.839061510599
0.845818198006
0.851655692219
0.851819752055
0.853065104868
0.853065104868
0.857638063183
0.857967343979
0.857967343979
0.858543278125
0.858543278125
0.859386486445
0.859386486445
0.866310558021
0.868912408573
0.874083112088
0.874083112088
0.876837569764
0.886033073901
0.890948752832
0.890948752832
0.890948752832
0.893435072402
0.895551008536
0.895555555556
0.895555555556
0.895555555556
0.897296501537
0.897296501537
0.898598339082
0.898598339082
0.898904705778
0.899259032549
0.899259032549
0.901455395833
0.905139032441
0.905139032441
0.905139032441
0.917223081683
0.917563614085
0.917563614085
0.917563614085
0.917563614085
0.927237614087
0.931823957267
0.945621799807
0.945903650983
0.945903650983
0.94744843333
0.951465417518
0.951465417518
0.951465417518
0.951465417518
0.958796306185
0.958796306185
1.0
1.0
1.0
1.0
1.0
1.0
1.0
1.0
1.0
1.0
1.0
1.0
1.0
1.0
1.0
1.0
1.0
1.0
1.0
1.0
1.0
1.0
1.0
1.0
1.0
1.0
1.0
1.0
1.0
1.0
1.0
1.0
1.0
1.0
1.0
1.0
1.0
1.0
1.0
1.0
1.0
1.0
1.0
1.0
1.0
1.0
1.0
1.0
1.0
1.0
1.0
1.0
1.0
1.0
1.0
1.0
1.0
1.0
1.0
1.0
1.0
1.0
1.0
1.0
1.0
1.0
